corrn_curve_cubic
1.86287544
1.86019258
1.85751209
1.85484134
1.85217298
1.84951451
1.84686188
1.84421545
1.84157485
1.83894025
1.83631546
1.83369302
1.83108016
1.82846948
1.82586854
1.82327353
1.82068445
1.81810130
1.81552761
1.81295627
1.81039455
1.80783500
1.80528854
1.80274424
1.80020597
1.79767337
1.79514660
1.79262931
1.79011437
1.78760869
1.78510881
1.78261470
1.78012637
1.77764380
1.77517041
1.77269935
1.77023760
1.76778157
1.76532769
1.76288291
1.76044400
1.75801413
1.75558640
1.75316452
1.75075164
1.74834440
1.74594279
1.74354332
1.74115644
1.73877168
1.73639252
1.73402242
1.73165443
1.72929529
1.72694188
1.72459401
1.72225151
1.71991472
1.71758328
1.71525752
1.71294387
1.71062894
1.70832287
1.70602227
1.70372394
1.70143761
1.69915337
1.69687790
1.69460453
1.69233972
1.69008048
1.68782664
1.68557801
1.68333493
1.68109722
1.67886797
1.67664080
1.67442240
1.67220915
1.67000123
1.66779554
1.66560129
1.66340943
1.66122269
1.65904123
1.65686823
1.65470350
1.65253781
1.65038054
1.64822849
1.64608150
1.64394286
1.64180643
1.63967817
1.63755524
1.63543577
1.63332301
1.63121694
1.62911308
1.62701884
1.62492816
1.62284414
1.62076215
1.61868832
1.61661942
1.61455423
1.61249714
1.61044496
1.60839948
1.60635738
1.60431896
1.60228841
1.60026302
1.59824397
1.59622842
1.59421786
1.59221376
1.59021477
1.58822191
1.58623414
1.58425130
1.58227048
1.58029895
1.57833088
1.57636902
1.57441363
1.57246154
1.57051591
1.56857499
1.56663907
1.56470785
1.56278290
1.56086135
1.55894477
1.55703428
1.55512999
1.55322909
1.55133438
1.54944445
1.54756067
1.54568012
1.54380584
1.54193894
1.54007412
1.53821527
1.53636126
1.53451182
1.53266721
1.53082714
1.52899312
1.52716390
1.52533920
1.52351915
1.52170508
1.51989699
1.51809339
1.51629318
1.51449759
1.51270792
1.51092284
1.50914485
1.50736891
1.50559872
1.50383321
1.50207211
1.50031816
1.49856625
1.49682003
1.49507832
1.49334123
1.49161096
1.48988401
1.48816152
1.48644606
1.48473249
1.48302464
1.48132123
1.47962339
1.47793008
1.47623993
1.47455657
1.47287635
1.47120188
1.46953291
1.46786581
1.46620680
1.46454978
1.46289697
1.46125097
1.45960805
1.45796945
1.45633760
1.45470761
1.45308543
1.45146400
1.44985048
1.44823989
1.44663488
1.44503171
1.44343625
1.44184262
1.44025560
1.43867172
1.43709428
1.43551868
1.43394961
1.43238237
1.43082282
1.42926508
1.42771383
1.42616439
1.42462257
1.42308359
1.42154769
1.42001820
1.41849155
1.41697025
1.41545405
1.41393976
1.41243170
1.41092882
1.40942773
1.40793293
1.40644215
1.40495328
1.40347166
1.40199293
1.40051819
1.39904845
1.39758279
1.39612220
1.39466338
1.39321060
1.39176187
1.39031806
1.38887611
1.38744015
1.38600810
1.38457996
1.38315474
1.38173545
1.38032004
1.37890850
1.37750189
1.37609807
1.37469809
1.37330301
1.37191177
1.37052528
1.36914271
1.36776384
1.36638887
1.36501759
1.36365122
1.36228656
1.36092763
1.35957348
1.35822205
1.35687549
1.35553255
1.35419434
1.35285884
1.35152806
1.35020087
1.34887747
1.34755775
1.34624270
1.34493033
1.34362251
1.34231942
1.34101889
1.33972307
1.33843078
1.33714221
1.33585715
1.33457763
1.33330073
1.33202742
1.33075768
1.32949247
1.32823082
1.32697177
1.32571722
1.32446811
1.32322157
1.32197845
1.32073894
1.31950294
1.31827034
1.31704403
1.31581850
1.31459820
1.31338053
1.31216623
1.31095815
1.30975165
1.30854869
1.30734906
1.30615466
1.30496277
1.30377427
1.30259089
1.30141007
1.30023173
1.29905936
1.29788865
1.29672210
1.29555986
1.29439999
1.29324353
1.29209119
1.29094216
1.28979652
1.28865497
1.28751583
1.28638171
1.28525000
1.28412069
1.28299723
1.28187530
1.28075823
1.27964363
1.27853311
1.27742496
1.27632078
1.27522073
1.27412295
1.27302928
1.27193788
1.27085131
1.26976716
1.26868691
1.26761064
1.26653585
1.26546585
1.26439815
1.26333438
1.26227373
1.26121698
1.26016325
1.25911108
1.25806440
1.25701919
1.25597856
1.25494178
1.25390575
1.25287506
1.25184740
1.25082127
1.24980043
1.24878182
1.24776552
1.24675369
1.24574554
1.24473821
1.24373609
1.24273685
1.24174065
1.24074663
1.23975632
1.23876962
1.23778593
1.23680364
1.23582646
1.23485143
1.23388011
1.23291161
1.23194451
1.23098258
1.23002270
1.22906642
1.22811300
1.22716314
1.22621466
1.22526974
1.22432838
1.22338975
1.22245472
1.22152177
1.22059226
1.21966561
1.21874166
1.21782126
1.21690213
1.21598725
1.21507504
1.21416557
1.21325891
1.21235560
1.21145501
1.21055712
1.20966194
1.20877015
1.20788105
1.20699462
1.20611080
1.20522971
1.20435197
1.20347748
1.20260570
1.20173582
1.20086863
1.20000467
1.19914339
1.19828465
1.19742851
1.19657563
1.19572540
1.19487833
1.19403318
1.19319125
1.19235122
1.19151440
1.19068011
1.18984959
1.18902101
1.18819431
1.18737070
1.18654966
1.18573233
1.18491692
1.18410329
1.18329283
1.18248604
1.18168046
1.18087796
1.18007790
1.17928091
1.17848635
1.17769366
1.17690450
1.17611719
1.17533230
1.17455102
1.17377145
1.17299373
1.17222020
1.17144777
1.17067776
1.16991125
1.16914655
1.16838531
1.16762523
1.16686753
1.16611327
1.16536073
1.16461168
1.16386375
1.16311928
1.16237650
1.16163659
1.16089837
1.16016356
1.15943038
1.15870007
1.15797144
1.15724612
1.15652195
1.15580108
1.15508191
1.15436546
1.15365070
1.15293920
1.15223044
1.15152219
1.15081777
1.15011442
1.14941432
1.14871692
1.14802003
1.14732691
1.14663483
1.14594591
1.14525969
1.14457451
1.14389192
1.14321200
1.14253359
1.14185785
1.14118413
1.14051300
1.13984347
1.13917645
1.13851149
1.13784805
1.13718768
1.13652933
1.13587301
1.13521870
1.13456588
1.13391609
1.13326829
1.13262294
1.13197910
1.13133673
1.13069729
1.13005986
1.12942433
1.12879124
1.12815964
1.12752992
1.12690263
1.12627731
1.12565433
1.12503278
1.12441360
1.12379633
1.12318142
1.12256790
1.12195669
1.12134739
1.12073995
1.12013479
1.11953056
1.11892913
1.11832949
1.11773171
1.11713570
1.11654203
1.11595058
1.11536045
1.11477212
1.11418604
1.11360173
1.11301878
1.11243842
1.11185941
1.11128214
1.11070708
1.11013376
1.10956217
1.10899230
1.10842501
1.10785902
1.10729470
1.10673211
1.10617162
1.10561242
1.10505529
1.10450028
1.10394653
1.10339484
1.10284436
1.10229597
1.10175008
1.10120496
1.10066147
1.10012002
1.09958058
1.09904236
1.09850616
1.09797113
1.09743850
1.09690706
1.09637720
1.09584971
1.09532294
1.09479818
1.09427535
1.09375364
1.09323393
1.09271607
1.09219900
1.09168381
1.09117095
1.09065878
1.09014892
1.08964014
1.08913281
1.08862740
1.08812345
1.08762134
1.08712032
1.08662116
1.08612300
1.08562672
1.08513222
1.08463841
1.08414716
1.08365653
1.08316810
1.08268032
1.08219503
1.08171043
1.08122756
1.08074642
1.08026629
1.07978791
1.07931051
1.07883522
1.07836052
1.07788787
1.07741694
1.07694661
1.07647798
1.07601062
1.07554498
1.07508061
1.07461715
1.07415573
1.07369563
1.07323639
1.07277879
1.07232282
1.07186738
1.07141392
1.07096170
1.07051072
1.07006061
1.06961241
1.06916547
1.06871970
1.06827482
1.06783185
1.06739004
1.06694942
1.06651002
1.06607141
1.06563435
1.06519878
1.06476436
1.06433109
1.06389863
1.06346799
1.06303815
1.06260977
1.06218287
1.06175673
1.06133201
1.06090808
1.06048526
1.06006386
1.05964355
1.05922462
1.05880677
1.05839001
1.05797428
1.05755994
1.05714635
1.05673410
1.05632289
1.05591270
1.05550387
1.05509576
1.05468893
1.05428314
1.05387834
1.05347487
1.05307206
1.05267056
1.05227000
1.05187044
1.05147217
1.05107515
1.05067875
1.05028334
1.04988883
1.04949529
1.04910296
1.04871156
1.04832110
1.04793184
1.04754349
1.04715571
1.04676915
1.04638347
1.04599867
1.04561537
1.04523260
1.04485072
1.04446970
1.04409011
1.04371079
1.04333258
1.04295493
1.04257899
1.04220330
1.04182839
1.04145463
1.04108194
1.04070975
1.04033866
1.03996835
1.03959882
1.03923007
1.03886238
1.03849516
1.03812900
1.03776389
1.03739922
1.03703530
1.03667237
1.03631021
1.03594903
1.03558830
1.03522855
1.03486924
1.03451090
1.03415354
1.03379631
1.03344061
1.03308501
1.03273066
1.03237639
1.03202365
1.03167099
1.03131926
1.03096818
1.03061801
1.03026791
1.02991926
1.02957069
1.02922330
1.02887649
1.02852975
1.02818442
1.02783914
1.02749499
1.02715142
1.02680788
1.02646573
1.02612358
1.02578255
1.02544207
1.02510161
1.02476246
1.02442360
1.02408527
1.02374774
1.02341072
1.02307394
1.02273795
1.02240270
1.02206798
1.02173319
1.02139969
1.02106639
1.02073386
1.02040123
1.02006987
1.01973873
1.01940801
1.01907801
1.01874790
1.01841904
1.01809034
1.01776206
1.01743447
1.01710729
1.01677998
1.01645388
1.01612787
1.01580255
1.01547762
1.01515303
1.01482885
1.01450500
1.01418181
1.01385842
1.01353594
1.01321405
1.01289223
1.01257101
1.01224988
1.01192931
1.01160932
1.01128938
1.01096999
1.01065069
1.01033190
1.01001342
1.00969550
1.00937759
1.00906019
1.00874308
1.00842625
1.00811016
1.00779381
1.00747799
1.00716239
1.00684705
1.00653192
1.00621727
1.00590262
1.00558841
1.00527490
1.00496113
1.00464777
1.00433440
1.00402145
1.00370865
1.00339658
1.00308416
1.00277217
1.00246032
1.00214865
1.00183736
1.00152624
1.00121498
1.00090414
1.00059366
1.00028308
0.99997285
0.99966298
0.99935297
0.99904281
0.99873326
0.99842380
0.99811444
0.99780515
0.99749620
0.99718706
0.99687850
0.99656950
0.99626078
0.99595239
0.99564379
0.99533521
0.99502721
0.99471895
0.99441097
0.99410278
0.99379509
0.99348693
0.99317926
0.99287133
0.99256339
0.99225570
0.99194799
0.99164052
0.99133251
0.99102524
0.99071741
0.99041006
0.99010263
0.98979467
0.98948741
0.98917956
0.98887191
0.98856420
0.98825664
0.98794899
0.98764103
0.98733346
0.98702528
0.98671753
0.98640965
0.98610140
0.98579354
0.98548556
0.98517694
0.98486869
0.98456057
0.98425178
0.98394334
0.98363476
0.98332551
0.98301687
0.98270778
0.98239880
0.98208909
0.98177974
0.98147044
0.98116068
0.98085049
0.98054058
0.98023047
0.97992016
0.97960988
0.97929884
0.97898810
0.97867712
0.97836590
0.97805444
0.97774296
0.97743099
0.97711876
0.97680653
0.97649403
0.97618149
0.97586843
0.97555533
0.97524196
0.97492827
0.97461454
0.97430028
0.97398594
0.97367128
0.97335634
0.97304131
0.97272541
0.97240972
0.97209368
0.97177757
0.97146085
0.97114403
0.97082683
0.97050930
0.97019139
0.96987312
0.96955443
0.96923566
0.96891650
0.96859693
0.96827698
0.96795660
0.96763608
0.96731545
0.96699411
0.96667234
0.96635015
0.96602779
0.96570503
0.96538153
0.96505837
0.96473424
0.96440993
0.96408488
0.96375965
0.96343422
0.96310828
0.96278162
0.96245475
0.96212764
0.96179979
0.96147141
0.96114255
0.96081372
0.96048409
0.96015397
0.95982358
0.95949239
0.95916094
0.95882924
0.95849671
0.95816338
0.95783030
0.95749615
0.95716166
0.95682692
0.95649133
0.95615570
0.95581895
0.95548162
0.95514427
0.95480601
0.95446773
0.95412829
0.95378880
0.95344815
0.95310714
0.95276609
0.95242386
0.95208126
0.95173802
0.95139444
0.95104992
0.95070504
0.95035951
0.95001361
0.94966705
0.94931923
0.94897160
0.94862273
0.94827376
0.94792352
0.94757345
0.94722238
0.94687035
0.94651817
0.94616532
0.94581113
0.94545712
0.94510181
0.94474604
0.94438985
0.94403261
0.94367494
0.94331652
0.94295765
0.94259742
0.94223704
0.94187590
0.94151368
0.94115099
0.94078781
0.94042387
0.94005883
0.93969329
0.93932697
0.93896014
0.93859251
0.93822346
0.93785420
0.93748415
0.93711357
0.93674215
0.93636991
0.93599622
0.93562229
0.93524781
0.93487222
0.93449603
0.93411902
0.93374114
0.93336272
0.93298310
0.93260290
0.93222119
0.93183925
0.93145672
0.93107299
0.93068866
0.93030313
0.92991699
0.92953027
0.92914233
0.92875344
0.92836395
0.92797353
0.92758222
0.92718992
0.92679703
0.92640284
0.92600869
0.92561294
0.92521622
0.92481854
0.92442023
0.92402056
0.92362030
0.92321905
0.92281713
0.92241390
0.92201034
0.92160546
0.92119954
0.92079261
0.92038471
0.91997610
0.91956682
0.91915616
0.91874447
0.91833178
0.91791869
0.91750424
0.91708842
0.91667182
0.91625493
0.91583626
0.91541688
0.91499607
0.91457524
0.91415263
0.91372891
0.91330487
0.91287934
0.91245237
0.91202538
0.91159655
0.91116664
0.91073632
0.91030452
0.90987159
0.90943795
0.90900277
0.90856721
0.90813013
0.90769153
0.90725288
0.90681236
0.90637145
0.90592862
0.90548538
0.90504056
0.90459537
0.90414824
0.90370066
0.90325116
0.90280121
0.90234971
0.90189776
0.90144383
0.90098947
0.90053355
0.90007678
0.89961838
0.89915917
0.89869872
0.89823745
0.89777494
0.89731079
0.89684580
0.89637997
0.89591208
0.89544370
0.89497369
0.89450283
0.89403107
0.89355726
0.89308295
0.89260741
0.89213012
0.89165242
0.89117297
0.89069264
0.89021063
0.88972769
0.88924345
0.88875831
0.88827101
0.88778324
0.88729414
0.88680372
0.88631153
0.88581886
0.88532480
0.88482945
0.88433275
0.88383425
0.88333479
0.88283445
0.88233270
0.88182962
0.88132513
0.88081930
0.88031248
0.87980344
0.87929385
0.87878286
0.87827048
0.87775715
0.87724195
0.87672580
0.87620824
0.87568925
0.87516884
0.87464747
0.87412466
0.87359996
0.87307470
0.87254757
0.87201901
0.87148940
0.87095793
0.87042546
0.86989148
0.86935651
0.86881964
0.86828172
0.86774190
0.86720102
0.86665914
0.86611576
0.86557089
0.86502404
0.86447622
0.86392684
0.86337639
0.86282399
0.86227105
0.86171610
0.86115962
0.86060156
0.86004202
0.85948094
0.85891926
0.85835559
0.85779037
0.85722355
0.85665617
0.85608627
0.85551527
0.85494275
0.85436911
0.85379389
0.85321659
0.85263872
0.85205876
0.85147669
0.85089359
0.85030981
0.84972397
0.84913601
0.84854747
0.84795680
0.84736550
0.84677158
0.84617604
0.84558040
0.84498159
0.84438268
0.84378112
0.84317786
0.84257402
0.84196804
0.84136090
0.84075155
0.84014162
0.83952899
0.83891573
0.83830024
0.83768362
0.83706477
0.83644533
0.83582310
0.83520027
0.83457520
0.83394892
0.83332100
0.83269136
0.83206052
0.83142745
0.83079317
0.83015666
0.82951949
0.82888009
0.82823889
0.82759652
0.82695189
0.82630603
0.82565900
0.82500911
0.82435857
0.82370626
0.82305161
0.82239636
0.82173874
0.82107988
0.82041871
0.81975635
0.81909220
0.81842566
0.81775846
0.81708952
0.81641871
0.81574617
0.81507121
0.81439558
0.81371759
0.81303833
0.81235724
0.81167378
0.81098903
0.81030306
0.80961525
0.80892560
0.80823410
0.80754020
0.80684500
0.80614850
0.80544965
0.80474942
0.80404802
0.80334413
0.80263835
0.80193127
0.80122237
0.80051152
0.79979884
0.79908427
0.79836838
0.79765002
0.79693032
0.79620872
0.79548528
0.79476050
0.79403315
0.79330454
0.79257399
0.79184152
0.79110719
0.79037144
0.78963323
0.78889360
0.78815209
0.78740863
0.78666322
0.78591585
0.78516779
0.78441716
0.78366457
0.78290994
0.78215340
0.78139556
0.78063635
0.77987448
0.77911069
0.77834483
0.77757698
0.77680851
0.77603741
0.77526355
0.77448836
0.77371117
0.77293335
0.77215282
0.77136956
0.77058568
0.76979906
0.76901112
0.76822042
0.76742905
0.76663427
0.76583815
0.76504135
0.76424113
0.76343877
0.76263587
0.76183011
0.76102301
0.76021318
0.75940120
0.75858861
0.75777327
0.75695651
0.75613693
0.75531525
0.75449221
0.75366708
0.75284059
0.75201049
0.75118054
0.75034697
0.74951203
0.74867490
0.74783648
0.74699442
0.74615243
0.74530685
0.74445991
0.74361074
0.74276021
0.74190605
0.74105199
0.74019508
0.73933516
0.73847463
0.73761116
0.73674638
0.73587935
0.73500937
0.73413878
0.73326442
0.73238947
0.73151233
0.73063220
0.72975140
0.72886848
0.72798256
0.72709443
0.72620482
0.72531308
0.72441913
0.72352287
0.72262530
0.72172541
0.72082257
0.71991823
0.71901248
0.71810366
0.71719269
0.71628022
0.71536551
0.71444854
0.71353015
0.71260868
0.71168494
0.71075977
0.70983234
0.70890264
0.70797151
0.70703811
0.70610150
0.70516268
0.70422243
0.70328066
0.70233583
0.70138956
0.70044091
0.69948995
0.69853678
0.69758121
0.69662420
0.69566409
0.69470244
0.69373848
0.69277228
0.69180454
0.69083359
0.68986119
0.68888645
0.68790937
0.68692995
0.68594818
0.68496486
0.68397838
0.68299045
0.68200015
0.68100921
0.68001418
0.67901669
0.67801783
0.67701651
0.67601289
0.67500680
0.67399841
0.67298939
0.67197706
0.67096242
0.66994529
0.66892576
0.66790476
0.66688135
0.66585553
0.66482635
0.66379570
0.66276451
0.66172902
0.66069204
0.65965168
0.65861070
0.65756642
0.65652067
0.65547237
0.65442173
0.65336767
0.65231300
0.65125501
0.65019542
0.64913338
0.64806898
0.64700103
0.64593256
0.64486075
0.64378823
0.64271145
0.64163209
0.64055223
0.63946888
0.63838504
0.63729671
0.63620588
0.63511445
0.63401871
0.63292228
0.63182242
0.63072198
0.62961709
0.62851172
0.62740179
0.62629127
0.62517730
0.62406276
0.62294362
0.62182410
0.62070195
0.61957518
0.61844898
0.61731826
0.61618591
0.61505206
0.61391356
0.61277459
0.61163200
0.61048896
0.60934229
0.60819304
0.60704122
0.60588884
0.60473079
0.60357336
0.60241216
0.60124847
0.60008219
0.59891429
0.59774487
0.59657078
0.59539518
0.59421794
0.59303810
0.59185355
0.59066847
0.58948187
0.58829155
0.58709760
0.58590335
0.58470624
0.58350649
0.58230523
0.58110020
0.57989141
0.57868221
0.57747025
0.57625575
0.57503859
0.57381980
0.57259732
0.57137331
0.57014652
0.56891603
0.56768389
0.56644919
0.56521284
0.56397393
0.56273221
0.56148781
0.56024072
0.55899105
0.55773973
0.55648454
0.55522781
0.55396838
0.55270624
0.55144257
0.55017500
0.54890589
0.54763407
0.54635940
0.54508213
0.54380332
0.54252166
0.54123739
0.53994918
0.53865930
0.53736681
0.53607265
0.53477466
0.53347622
0.53217381
0.53086877
0.52956084
0.52825015
0.52693681
0.52562304
0.52430527
0.52298472
0.52166140
0.52033529
0.51900889
0.51767721
0.51634399
0.51500798
0.51367030
0.51232869
0.51098554
0.50963946
0.50829071
0.50693914
0.50558591
0.50422872
0.50286858
0.50150818
0.50014380
0.49877647
0.49740760
0.49603474
0.49465892
0.49328284
0.49190147
0.49051971
0.48913382
0.48774507
0.48635609
0.48496164
0.48356682
0.48216797
0.48076756
0.47936298
0.47795686
0.47654773
0.47513719
0.47372112
0.47230470
0.47088420
0.46946335
0.46803708
0.46661047
0.46517841
0.46374602
0.46230951
0.46087268
0.45943159
0.45798760
0.45654071
0.45509103
0.45363968
0.45218664
0.45072822
0.44926811
0.44780632
0.44634036
0.44487286
0.44340242
0.44192905
0.44045261
0.43897476
0.43749118
0.43600871
0.43452203
