corrn_curve_quartic
2.06853531
2.06428590
2.06004407
2.05582143
2.05160634
2.04741066
2.04322796
2.03905880
2.03490257
2.03075952
2.02663561
2.02251914
2.01842142
2.01433082
2.01025917
2.00620051
2.00215481
1.99812203
1.99410769
1.99010067
1.98611229
1.98213092
1.97817355
1.97422314
1.97028572
1.96636069
1.96244830
1.95855419
1.95466727
1.95079826
1.94694175
1.94309771
1.93926611
1.93544693
1.93164540
1.92785096
1.92407435
1.92031001
1.91655247
1.91281234
1.90908469
1.90537433
1.90167069
1.89797944
1.89430535
1.89064329
1.88699323
1.88334985
1.87972900
1.87611478
1.87251245
1.86892722
1.86534858
1.86178668
1.85823680
1.85469865
1.85117194
1.84765716
1.84415378
1.84066227
1.83719225
1.83372362
1.83027158
1.82683102
1.82339716
1.81998450
1.81657824
1.81318832
1.80980478
1.80643725
1.80308123
1.79973646
1.79640267
1.79308032
1.78976913
1.78647367
1.78318449
1.77991143
1.77664917
1.77339792
1.77015315
1.76692835
1.76371022
1.76050275
1.75730617
1.75412511
1.75095928
1.74779515
1.74464642
1.74150842
1.73838089
1.73526862
1.73216263
1.72907159
1.72599134
1.72291916
1.71985976
1.71681310
1.71377266
1.71074913
1.70773378
1.70473102
1.70173420
1.69875212
1.69578012
1.69281643
1.68986734
1.68692824
1.68400170
1.68108294
1.67817239
1.67527602
1.67238993
1.66951580
1.66664956
1.66379333
1.66094917
1.65811515
1.65529271
1.65248036
1.64967786
1.64688106
1.64410026
1.64132718
1.63856569
1.63581615
1.63307407
1.63034387
1.62762311
1.62491217
1.62221060
1.61952059
1.61683813
1.61416538
1.61150390
1.60885383
1.60621122
1.60357998
1.60095811
1.59834752
1.59574412
1.59315214
1.59057306
1.58799957
1.58543702
1.58288384
1.58033964
1.57780476
1.57527881
1.57276381
1.57025807
1.56776117
1.56527328
1.56279622
1.56032994
1.55787240
1.55542212
1.55298073
1.55055001
1.54812811
1.54571842
1.54331410
1.54092014
1.53853508
1.53615855
1.53379422
1.53143520
1.52908638
1.52674617
1.52441471
1.52209491
1.51978208
1.51747775
1.51518532
1.51289791
1.51062064
1.50835177
1.50609279
1.50384233
1.50159852
1.49936619
1.49714047
1.49492482
1.49271888
1.49051785
1.48832992
1.48614704
1.48397213
1.48180857
1.47965147
1.47750244
1.47536464
1.47323166
1.47111127
1.46899425
1.46688990
1.46479173
1.46270317
1.46061936
1.45854790
1.45648116
1.45442530
1.45237583
1.45033701
1.44830286
1.44627945
1.44426069
1.44225411
1.44025215
1.43826080
1.43627404
1.43429930
1.43233047
1.43036782
1.42841560
1.42646924
1.42453193
1.42260334
1.42067940
1.41876558
1.41686053
1.41495995
1.41306953
1.41118639
1.40930782
1.40744058
1.40557915
1.40372491
1.40187909
1.40004056
1.39821053
1.39638485
1.39456886
1.39276006
1.39095951
1.38916341
1.38737686
1.38559728
1.38382464
1.38205773
1.38030025
1.37854965
1.37680590
1.37507030
1.37334020
1.37161690
1.36990167
1.36819318
1.36649258
1.36479881
1.36311158
1.36143115
1.35975723
1.35809132
1.35642949
1.35477663
1.35313156
1.35149179
1.34985988
1.34823434
1.34661649
1.34500386
1.34339888
1.34180017
1.34020797
1.33862214
1.33704384
1.33547067
1.33390488
1.33234666
1.33079340
1.32924767
1.32770804
1.32617471
1.32464745
1.32312865
1.32161483
1.32010712
1.31860550
1.31711109
1.31562272
1.31413926
1.31266294
1.31119485
1.30973159
1.30827418
1.30682280
1.30537733
1.30393765
1.30250710
1.30107925
1.29965928
1.29824414
1.29683469
1.29543422
1.29403735
1.29264632
1.29126089
1.28988326
1.28851024
1.28714287
1.28578310
1.28442801
1.28307747
1.28173548
1.28039710
1.27906516
1.27773984
1.27641890
1.27510353
1.27379452
1.27249095
1.27119288
1.26990110
1.26861371
1.26733363
1.26605792
1.26478655
1.26352338
1.26226357
1.26101084
1.25976248
1.25852030
1.25728238
1.25605049
1.25482481
1.25360323
1.25238781
1.25117648
1.24997210
1.24877195
1.24757768
1.24638935
1.24520422
1.24402591
1.24285166
1.24168328
1.24051984
1.23936221
1.23820939
1.23705979
1.23591769
1.23477869
1.23364619
1.23251936
1.23139482
1.23027756
1.22916505
1.22805567
1.22695347
1.22585513
1.22476073
1.22367259
1.22258985
1.22150941
1.22043600
1.21936710
1.21830286
1.21724237
1.21618724
1.21513736
1.21409208
1.21304968
1.21201408
1.21098214
1.20995551
1.20893323
1.20791378
1.20690116
1.20589204
1.20488805
1.20388840
1.20289384
1.20190205
1.20091531
1.19993360
1.19895606
1.19798359
1.19701458
1.19605044
1.19509056
1.19413477
1.19318394
1.19223571
1.19129313
1.19035458
1.18942011
1.18848978
1.18756414
1.18664254
1.18572496
1.18481137
1.18390248
1.18299754
1.18209656
1.18119945
1.18030632
1.17941779
1.17853375
1.17765365
1.17677665
1.17590356
1.17503489
1.17417010
1.17330903
1.17245173
1.17159885
1.17074978
1.16990502
1.16906331
1.16822595
1.16739162
1.16656159
1.16573521
1.16491367
1.16409517
1.16327963
1.16246825
1.16166050
1.16085748
1.16005744
1.15926023
1.15846721
1.15767885
1.15689273
1.15611068
1.15533208
1.15455750
1.15378634
1.15301803
1.15225418
1.15149315
1.15073548
1.14998232
1.14923184
1.14848414
1.14774147
1.14700085
1.14626356
1.14553061
1.14480037
1.14407442
1.14335054
1.14262990
1.14191350
1.14119970
1.14049015
1.13978262
1.13907931
1.13837854
1.13768139
1.13698678
1.13629630
1.13560826
1.13492384
1.13424190
1.13356396
1.13288799
1.13221599
1.13154648
1.13088037
1.13021672
1.12955697
1.12890062
1.12824561
1.12759501
1.12694624
1.12630132
1.12565973
1.12501944
1.12438345
1.12374925
1.12311876
1.12249157
1.12186613
1.12124386
1.12062484
1.12000799
1.11939435
1.11878334
1.11817546
1.11756980
1.11696719
1.11636720
1.11576935
1.11517503
1.11458328
1.11399409
1.11340745
1.11282289
1.11224177
1.11166316
1.11108746
1.11051382
1.10994221
1.10937390
1.10880809
1.10824466
1.10768408
1.10712552
1.10656930
1.10601590
1.10546490
1.10491665
1.10437030
1.10382671
1.10328543
1.10274687
1.10221018
1.10167614
1.10114440
1.10061491
1.10008803
1.09956259
1.09904018
1.09851993
1.09800191
1.09748602
1.09697273
1.09646196
1.09595291
1.09544599
1.09494158
1.09443926
1.09393867
1.09344086
1.09294476
1.09245071
1.09195908
1.09146948
1.09098189
1.09049629
1.09001342
1.08953217
1.08905284
1.08857550
1.08810044
1.08762697
1.08715575
1.08668680
1.08621941
1.08575423
1.08529055
1.08482909
1.08437020
1.08391241
1.08345645
1.08300265
1.08255097
1.08210075
1.08165266
1.08120597
1.08076171
1.08031886
1.07987774
1.07943900
1.07900126
1.07856560
1.07813192
1.07769957
1.07726926
1.07684086
1.07641348
1.07598803
1.07556487
1.07514263
1.07472266
1.07430392
1.07388672
1.07347144
1.07305771
1.07264580
1.07223512
1.07182627
1.07141857
1.07101271
1.07060862
1.07020539
1.06980454
1.06940450
1.06900653
1.06860938
1.06821453
1.06782051
1.06742816
1.06703748
1.06664788
1.06625996
1.06587307
1.06548814
1.06510391
1.06472159
1.06434088
1.06396088
1.06358248
1.06320531
1.06282974
1.06245540
1.06208200
1.06171043
1.06134010
1.06097067
1.06060273
1.06023628
1.05987042
1.05950632
1.05914337
1.05878158
1.05842064
1.05806138
1.05770326
1.05734623
1.05699004
1.05663551
1.05628203
1.05592962
1.05557830
1.05522772
1.05487849
1.05453054
1.05418361
1.05383770
1.05349250
1.05314885
1.05280591
1.05246422
1.05212376
1.05178397
1.05144538
1.05110748
1.05077050
1.05043470
1.05009981
1.04976606
1.04943319
1.04910123
1.04877010
1.04844010
1.04811071
1.04778239
1.04745490
1.04712824
1.04680264
1.04647761
1.04615359
1.04583037
1.04550793
1.04518651
1.04486558
1.04454567
1.04422646
1.04390801
1.04359053
1.04327399
1.04295790
1.04264253
1.04232781
1.04201379
1.04170067
1.04138820
1.04107641
1.04076548
1.04045519
1.04014526
1.03983619
1.03952773
1.03921987
1.03891309
1.03860661
1.03830072
1.03799540
1.03769110
1.03738687
1.03708340
1.03678024
1.03647830
1.03617641
1.03587499
1.03557434
1.03527438
1.03497467
1.03467566
1.03437711
1.03407901
1.03378135
1.03348437
1.03318757
1.03289143
1.03259595
1.03230062
1.03200569
1.03171135
1.03141742
1.03112407
1.03083087
1.03053824
1.03024573
1.02995378
1.02966239
1.02937087
1.02908036
1.02878967
1.02849976
1.02820966
1.02792056
1.02763125
1.02734245
1.02705390
1.02676584
1.02647755
1.02619018
1.02590259
1.02561569
1.02532898
1.02504203
1.02475596
1.02446963
1.02418392
1.02389839
1.02361258
1.02332761
1.02304233
1.02275766
1.02247312
1.02218827
1.02190419
1.02162003
1.02133596
1.02105224
1.02076860
1.02048482
1.02020135
1.01991816
1.01963506
1.01935156
1.01906877
1.01878580
1.01850312
1.01821998
1.01793755
1.01765494
1.01737231
1.01708991
1.01680704
1.01652485
1.01624242
1.01595995
1.01567769
1.01539538
1.01511256
1.01483039
1.01454790
1.01426560
1.01398322
1.01370074
1.01341819
1.01313552
1.01285302
1.01256991
1.01228718
1.01200453
1.01172153
1.01143863
1.01115537
1.01087218
1.01058907
1.01030556
1.01002210
1.00973828
1.00945446
1.00917048
1.00888655
1.00860218
1.00831782
1.00803327
1.00774851
1.00746396
1.00717872
1.00689350
1.00660801
1.00632230
1.00603631
1.00575030
1.00546380
1.00517725
1.00489087
1.00460378
1.00431658
1.00402890
1.00374113
1.00345302
1.00316510
1.00287639
1.00258758
1.00229842
1.00200894
1.00171934
1.00142941
1.00113885
1.00084820
1.00055740
1.00026601
0.99997446
0.99968277
0.99939044
0.99909747
0.99880459
0.99851130
0.99821759
0.99792347
0.99762917
0.99733419
0.99703927
0.99674342
0.99644734
0.99615108
0.99585411
0.99555666
0.99525926
0.99496111
0.99466274
0.99436365
0.99406455
0.99376448
0.99346438
0.99316353
0.99286217
0.99256054
0.99225839
0.99195596
0.99165250
0.99134927
0.99104498
0.99074065
0.99043575
0.99012980
0.98982406
0.98951721
0.98921008
0.98890236
0.98859430
0.98828564
0.98797617
0.98766658
0.98735588
0.98704511
0.98673371
0.98642143
0.98610905
0.98579604
0.98548188
0.98516760
0.98485295
0.98453713
0.98422116
0.98390456
0.98358676
0.98326911
0.98295049
0.98263149
0.98231125
0.98199089
0.98167008
0.98134832
0.98102561
0.98070272
0.98037912
0.98005483
0.97973008
0.97940407
0.97907788
0.97875096
0.97842331
0.97809492
0.97776604
0.97743616
0.97710554
0.97677444
0.97644258
0.97611020
0.97577682
0.97544291
0.97510825
0.97477279
0.97443683
0.97409982
0.97376228
0.97342394
0.97308483
0.97274518
0.97240414
0.97206287
0.97172077
0.97137815
0.97103441
0.97069014
0.97034500
0.96999906
0.96965228
0.96930465
0.96895615
0.96860711
0.96825722
0.96790645
0.96755483
0.96720232
0.96684924
0.96649561
0.96614078
0.96578506
0.96542846
0.96507126
0.96471321
0.96435392
0.96399462
0.96363383
0.96327244
0.96290983
0.96254661
0.96218279
0.96181801
0.96145202
0.96108542
0.96071816
0.96034969
0.95998025
0.95960989
0.95923919
0.95886722
0.95849433
0.95812076
0.95774592
0.95737043
0.95699430
0.95661688
0.95623819
0.95585943
0.95547911
0.95509806
0.95471638
0.95433339
0.95395002
0.95356504
0.95317906
0.95279273
0.95240504
0.95201700
0.95162732
0.95123725
0.95084553
0.95045309
0.95006030
0.94966584
0.94927066
0.94887444
0.94847753
0.94807924
0.94768024
0.94728020
0.94687946
0.94647766
0.94607413
0.94567054
0.94526523
0.94485955
0.94445212
0.94404463
0.94363571
0.94322541
0.94281471
0.94240295
0.94198938
0.94157578
0.94116043
0.94074430
0.94032744
0.93990913
0.93949008
0.93906993
0.93864903
0.93822631
0.93780321
0.93737900
0.93695331
0.93652687
0.93609964
0.93567133
0.93524153
0.93481094
0.93437926
0.93394678
0.93351317
0.93307772
0.93264184
0.93220486
0.93176708
0.93132815
0.93088808
0.93044614
0.93000377
0.92956059
0.92911595
0.92867046
0.92822385
0.92777607
0.92732752
0.92687742
0.92642650
0.92597367
0.92552044
0.92506640
0.92461082
0.92415442
0.92369648
0.92323772
0.92277816
0.92231707
0.92185474
0.92139163
0.92092732
0.92046185
0.91999515
0.91952766
0.91905856
0.91858943
0.91811833
0.91764602
0.91717251
0.91669819
0.91622222
0.91574548
0.91526752
0.91478872
0.91430833
0.91382751
0.91334509
0.91286141
0.91237650
0.91189041
0.91140346
0.91091571
0.91042630
0.90993566
0.90944383
0.90895152
0.90845760
0.90796204
0.90746559
0.90696880
0.90646991
0.90597020
0.90546880
0.90496742
0.90446396
0.90395921
0.90345412
0.90294730
0.90243882
0.90193036
0.90141976
0.90090795
0.90039571
0.89988177
0.89936656
0.89885058
0.89833284
0.89781473
0.89729490
0.89677335
0.89625184
0.89572819
0.89520418
0.89467798
0.89415142
0.89362307
0.89309441
0.89256355
0.89203229
0.89149887
0.89096504
0.89042951
0.88989357
0.88935542
0.88881692
0.88827670
0.88773562
0.88719277
0.88664911
0.88610415
0.88555837
0.88501130
0.88446246
0.88391279
0.88336231
0.88280957
0.88225644
0.88170158
0.88114590
0.88058936
0.88003059
0.87947144
0.87891103
0.87834879
0.87778626
0.87722189
0.87665671
0.87608977
0.87552197
0.87495285
0.87438293
0.87381070
0.87323815
0.87266429
0.87208912
0.87151214
0.87093484
0.87035618
0.86977626
0.86919502
0.86861195
0.86802803
0.86744335
0.86685730
0.86626998
0.86568130
0.86509134
0.86450053
0.86390742
0.86331397
0.86271919
0.86212310
0.86152620
0.86092746
0.86032792
0.85972705
0.85912487
0.85852135
0.85791705
0.85731141
0.85670393
0.85609612
0.85548652
0.85487558
0.85426380
0.85365021
0.85303583
0.85242007
0.85180353
0.85118517
0.85056596
0.84994495
0.84932309
0.84870045
0.84807648
0.84745119
0.84682402
0.84619612
0.84556684
0.84493673
0.84430479
0.84367264
0.84303860
0.84240323
0.84176648
0.84112845
0.84048909
0.83984947
0.83920802
0.83856523
0.83792106
0.83727670
0.83662993
0.83598234
0.83533348
0.83468381
0.83403281
0.83337991
0.83272683
0.83207185
0.83141496
0.83075737
0.83009951
0.82943979
0.82877817
0.82811639
0.82745269
0.82678879
0.82612244
0.82545476
0.82478748
0.82411715
0.82344721
0.82277483
0.82210106
0.82142715
0.82075139
0.82007484
0.81939638
0.81871779
0.81803673
0.81735550
0.81667234
0.81598847
0.81530268
0.81461678
0.81392834
0.81323980
0.81254933
0.81185810
0.81116561
0.81047181
0.80977724
0.80908081
0.80838361
0.80768454
0.80698534
0.80628427
0.80558182
0.80487869
0.80417368
0.80346792
0.80276148
0.80205254
0.80134348
0.80063312
0.79992082
0.79920848
0.79849420
0.79777918
0.79706229
0.79634474
0.79562588
0.79490508
0.79418419
0.79346207
0.79273859
0.79201387
0.79128721
0.79056049
0.78983188
0.78910256
0.78837195
0.78763946
0.78690626
0.78617242
0.78543730
0.78470089
0.78396319
0.78322360
0.78248333
0.78174236
0.78099958
0.78025604
0.77951195
0.77876592
0.77801860
0.77727061
0.77652141
0.77577086
0.77501910
0.77426607
0.77351237
0.77275679
0.77200054
0.77124302
0.77048430
0.76972493
0.76896360
0.76820170
0.76743852
0.76667408
0.76590845
0.76514211
0.76437395
0.76360509
0.76283504
0.76206373
0.76129116
0.76051734
0.75974359
0.75896796
0.75819108
0.75741288
0.75663350
0.75585358
0.75507304
0.75429056
0.75350691
0.75272194
0.75193574
0.75114971
0.75036181
0.74957189
0.74878145
0.74798977
0.74719829
0.74640487
0.74560951
0.74481434
0.74401724
0.74321963
0.74242009
0.74162068
0.74081869
0.74001621
0.73921388
0.73840896
0.73760276
0.73679687
0.73598897
0.73518059
0.73437035
0.73355883
0.73274758
0.73193446
0.73112080
0.73030521
0.72948842
0.72867118
0.72785274
0.72703385
0.72621229
0.72539176
0.72456857
0.72374493
0.72292004
0.72209479
0.72126686
0.72043992
0.71961039
0.71878043
0.71794922
0.71711760
0.71628337
0.71545017
0.71461512
0.71377808
0.71294139
0.71210278
0.71126385
0.71042369
0.70958161
0.70873991
0.70789553
0.70705153
0.70620639
0.70535933
0.70451259
0.70366479
0.70281508
0.70196424
0.70111295
0.70026061
0.69940714
0.69855246
0.69769751
0.69684137
0.69598339
0.69512500
0.69426627
0.69340565
0.69254398
0.69168192
0.69081874
0.68995445
0.68908985
0.68822335
0.68735575
0.68648785
0.68561884
0.68474874
0.68387835
0.68300686
0.68213341
0.68125895
0.68038421
0.67950910
0.67863219
0.67775500
0.67687667
0.67599725
0.67511685
0.67423530
0.67335349
0.67246989
0.67158596
0.67070096
0.66981499
0.66892869
0.66804053
0.66715214
0.66626269
0.66537220
0.66448067
0.66358810
0.66269522
0.66180057
0.66090571
0.66000981
0.65911445
0.65821650
0.65731745
0.65641827
0.65551800
0.65461680
0.65371449
0.65281126
0.65190859
0.65100409
0.65009867
0.64919216
0.64828465
0.64737698
0.64646832
0.64555866
0.64464718
0.64373555
0.64282461
0.64191102
0.64099728
0.64008173
0.63916680
0.63825015
0.63733337
0.63641553
0.63549683
0.63457631
0.63365645
0.63273487
0.63181310
0.63089038
0.62996680
0.62904134
0.62811663
0.62719023
0.62626442
0.62533615
0.62440685
0.62347834
0.62254805
0.62161855
0.62068642
0.61975337
0.61882103
0.61788624
0.61695209
0.61601626
0.61508116
0.61414353
0.61320672
0.61226730
0.61132862
0.61038828
0.60944869
0.60850649
0.60756524
0.60662302
0.60567818
0.60473509
0.60378947
0.60284378
0.60189809
0.60094980
0.60000239
0.59905326
0.59810503
0.59715508
0.59620428
0.59525264
0.59430183
0.59334764
0.59239525
0.59144106
0.59048614
0.58953039
0.58857461
0.58761891
0.58666070
0.58570257
0.58474443
0.58378549
0.58282405
0.58186351
0.58090305
0.57994092
0.57897719
0.57801455
0.57705094
0.57608656
0.57512229
0.57415635
0.57318874
0.57222216
0.57125473
0.57028662
0.56931775
0.56834894
0.56737857
0.56640834
0.56543728
0.56446467
0.56349213
0.56251894
0.56154583
0.56057209
0.55959752
0.55862224
0.55764623
0.55666960
0.55569307
0.55471492
0.55373698
0.55275833
0.55177898
0.55079985
0.54981910
0.54883859
0.54785738
0.54687540
0.54589283
0.54491050
0.54392740
0.54294373
0.54195847
0.54097337
0.53998771
0.53900221
0.53801524
0.53702936
0.53604192
0.53505392
0.53406520
0.53307583
0.53208593
0.53109715
0.53010682
0.52911587
0.52812430
0.52713212
0.52614117
0.52514777
0.52415468
0.52316100
0.52216755
0.52117267
0.52017813
0.51918291
0.51818720
0.51719091
0.51619488
0.51519744
0.51419934
0.51320253
0.51220433
0.51120547
0.51020699
0.50920712
0.50820661
0.50720742
0.50620592
0.50520565
0.50420392
0.50320165
0.50220074
0.50119743
0.50019538
0.49919197
0.49818900
0.49718457
0.49618058
0.49517599
0.49417195
0.49316552
0.49216040
0.49115395
0.49014880
0.48914139
0.48813529
0.48712693
0.48611989
0.48511155
0.48410454
0.48309613
0.48208726
0.48107795
0.48006829
0.47905904
0.47805022
0.47703924
0.47602870
0.47501858
0.47400719
0.47299633
0.47198506
0.47097337
0.46996119
0.46894965
0.46793580
0.46692433
0.46591161
