corrn_curve_cubic_TF
1.41109210
1.41075802
1.41042291
1.41008768
1.40975143
1.40941508
1.40907814
1.40874065
1.40840256
1.40806390
1.40772516
1.40738538
1.40704550
1.40670455
1.40636352
1.40602192
1.40567976
1.40533702
1.40499418
1.40465030
1.40430635
1.40396133
1.40361671
1.40327103
1.40292480
1.40257798
1.40223058
1.40188313
1.40153462
1.40118603
1.40083687
1.40048714
1.40013685
1.39978598
1.39943504
1.39908304
1.39873099
1.39837837
1.39802467
1.39767089
1.39731658
1.39696218
1.39660671
1.39625069
1.39589461
1.39553795
1.39518074
1.39482244
1.39446461
1.39410570
1.39374623
1.39338672
1.39302611
1.39266545
1.39230424
1.39194248
1.39158012
1.39121723
1.39085375
1.39048973
1.39012619
1.38976103
1.38939583
1.38903007
1.38866324
1.38829690
1.38792946
1.38756199
1.38719343
1.38682482
1.38645568
1.38608597
1.38571568
1.38534486
1.38497348
1.38460205
1.38422952
1.38385701
1.38348391
1.38311025
1.38273552
1.38236126
1.38198596
1.38161007
1.38123362
1.38085717
1.38048069
1.38010257
1.37972445
1.37934577
1.37896651
1.37858724
1.37820690
1.37782653
1.37744563
1.37706387
1.37668183
1.37629952
1.37591612
1.37553298
1.37514901
1.37476477
1.37437940
1.37399405
1.37360812
1.37322138
1.37283465
1.37244735
1.37205980
1.37167139
1.37128217
1.37089294
1.37050319
1.37011314
1.36972226
1.36933082
1.36893912
1.36854690
1.36815436
1.36776130
1.36736769
1.36697295
1.36657853
1.36618327
1.36578772
1.36539195
1.36499530
1.36459843
1.36420098
1.36380301
1.36340446
1.36300566
1.36260602
1.36220586
1.36180541
1.36140472
1.36100318
1.36060139
1.36019905
1.35979647
1.35939301
1.35898933
1.35858568
1.35818091
1.35777586
1.35737031
1.35696417
1.35655752
1.35615030
1.35574283
1.35533484
1.35492629
1.35451719
1.35410784
1.35369826
1.35328811
1.35287713
1.35246562
1.35205386
1.35164157
1.35122931
1.35081593
1.35040228
1.34998812
1.34957339
1.34915873
1.34874295
1.34832690
1.34791031
1.34749321
1.34707613
1.34665823
1.34623979
1.34582143
1.34540191
1.34498216
1.34456187
1.34414132
1.34372027
1.34329836
1.34287651
1.34245380
1.34203091
1.34160776
1.34118344
1.34075954
1.34033449
1.33990887
1.33948335
1.33905698
1.33863007
1.33820326
1.33777527
1.33734768
1.33691862
1.33648999
1.33606047
1.33563076
1.33519988
1.33476940
1.33433773
1.33390618
1.33347380
1.33304150
1.33260802
1.33217465
1.33174010
1.33130599
1.33087070
1.33043553
1.32999916
1.32956325
1.32912645
1.32868881
1.32825130
1.32781290
1.32737432
1.32693551
1.32649555
1.32605567
1.32561560
1.32517433
1.32473320
1.32429154
1.32384871
1.32340632
1.32296306
1.32251927
1.32207526
1.32163074
1.32118604
1.32074013
1.32029433
1.31984804
1.31940152
1.31895383
1.31850625
1.31805815
1.31760951
1.31716005
1.31671070
1.31626082
1.31581042
1.31535982
1.31490836
1.31445638
1.31400421
1.31355151
1.31309859
1.31264518
1.31219121
1.31173675
1.31128173
1.31082656
1.31037018
1.30991393
1.30945750
1.30900019
1.30854275
1.30808474
1.30762656
1.30716751
1.30670828
1.30624849
1.30578821
1.30532742
1.30486644
1.30440460
1.30394254
1.30348035
1.30301725
1.30255401
1.30209022
1.30162594
1.30116111
1.30069646
1.30023093
1.29976488
1.29929831
1.29883158
1.29836433
1.29789619
1.29742790
1.29695979
1.29649082
1.29602128
1.29555126
1.29508073
1.29460963
1.29413910
1.29366700
1.29319507
1.29272229
1.29224896
1.29177620
1.29130219
1.29082771
1.29035267
1.28987783
1.28940212
1.28892589
1.28844983
1.28797293
1.28749515
1.28701791
1.28653946
1.28606083
1.28558207
1.28510241
1.28462226
1.28414193
1.28366108
1.28317975
1.28269824
1.28221585
1.28173368
1.28125063
1.28076669
1.28028335
1.27979876
1.27931435
1.27882910
1.27834371
1.27785743
1.27737098
1.27688442
1.27639694
1.27590936
1.27542085
1.27493258
1.27444347
1.27395417
1.27346475
1.27297406
1.27248361
1.27199227
1.27150080
1.27100882
1.27051671
1.27002405
1.26953016
1.26903690
1.26854236
1.26804805
1.26755360
1.26705754
1.26656207
1.26606610
1.26556889
1.26507228
1.26457478
1.26407643
1.26357830
1.26308001
1.26258013
1.26208086
1.26158105
1.26108077
1.26057959
1.26007830
1.25957684
1.25907492
1.25857172
1.25806913
1.25756566
1.25706210
1.25655800
1.25605262
1.25554793
1.25504232
1.25453659
1.25403035
1.25352400
1.25301637
1.25250862
1.25200076
1.25149236
1.25098389
1.25047452
1.24996500
1.24945502
1.24894449
1.24843390
1.24792198
1.24741038
1.24689824
1.24638560
1.24587250
1.24535925
1.24484550
1.24433125
1.24381650
1.24330165
1.24278630
1.24227044
1.24175405
1.24123719
1.24072024
1.24020315
1.23968560
1.23916710
1.23864815
1.23812906
1.23760951
1.23708942
1.23656884
1.23604816
1.23552702
1.23500575
1.23448357
1.23396130
1.23343813
1.23291487
1.23239111
1.23186762
1.23134328
1.23081803
1.23029264
1.22976681
1.22924125
1.22871483
1.22818747
1.22766005
1.22713293
1.22660448
1.22607595
1.22554693
1.22501782
1.22448822
1.22395776
1.22342754
1.22289645
1.22236487
1.22183363
1.22130144
1.22076838
1.22023607
1.21970240
1.21916827
1.21863444
1.21809975
1.21756536
1.21702963
1.21649346
1.21595759
1.21542081
1.21488438
1.21434661
1.21380920
1.21327087
1.21273248
1.21219317
1.21165421
1.21111430
1.21057436
1.21003351
1.20949298
1.20895115
1.20840963
1.20786725
1.20732475
1.20678139
1.20623834
1.20569523
1.20515036
1.20460627
1.20406084
1.20351578
1.20297066
1.20242377
1.20187768
1.20133023
1.20078312
1.20023600
1.19968752
1.19913895
1.19859036
1.19804081
1.19749126
1.19694117
1.19639103
1.19584001
1.19528890
1.19473730
1.19418478
1.19363264
1.19308002
1.19252692
1.19197333
1.19141882
1.19086470
1.19031009
1.18975540
1.18919982
1.18864333
1.18808718
1.18753059
1.18697348
1.18641632
1.18585829
1.18529973
1.18474112
1.18418208
1.18362295
1.18306290
1.18250280
1.18194223
1.18138162
1.18082008
1.18025846
1.17969640
1.17913387
1.17857125
1.17800731
1.17744377
1.17687971
1.17631522
1.17575020
1.17518519
1.17462011
1.17405410
1.17348761
1.17292109
1.17235409
1.17178620
1.17121865
1.17065021
1.17008130
1.16951236
1.16894294
1.16837304
1.16780266
1.16723267
1.16666179
1.16609039
1.16551855
1.16494665
1.16437386
1.16380101
1.16322813
1.16265437
1.16208054
1.16150578
1.16093100
1.16035666
1.15978092
1.15920472
1.15862849
1.15805221
1.15747503
1.15689784
1.15631972
1.15574199
1.15516338
1.15458429
1.15400561
1.15342553
1.15284548
1.15226537
1.15168433
1.15110333
1.15052222
1.14993981
1.14935734
1.14877533
1.14819191
1.14760895
1.14702506
1.14644065
1.14585628
1.14527143
1.14468654
1.14410076
1.14351497
1.14292819
1.14234146
1.14175469
1.14116655
1.14057930
1.13999064
1.13940245
1.13881290
1.13822420
1.13763418
1.13704411
1.13645400
1.13586300
1.13527200
1.13468006
1.13408860
1.13349572
1.13290327
1.13231083
1.13171702
1.13112322
1.13052891
1.12993465
1.12933987
1.12874415
1.12814892
1.12755327
1.12695663
1.12636000
1.12576338
1.12516534
1.12456779
1.12396978
1.12337130
1.12277187
1.12217289
1.12157350
1.12097359
1.12037278
1.11977248
1.11917166
1.11857038
1.11796868
1.11736598
1.11676336
1.11616070
1.11555759
1.11495401
1.11434947
1.11374545
1.11314048
1.11253554
1.11193062
1.11132475
1.11071885
1.11011206
1.10950480
1.10889757
1.10828987
1.10768216
1.10707398
1.10646540
1.10585630
1.10524723
1.10463726
1.10402728
1.10341683
1.10280592
1.10219505
1.10158327
1.10097142
1.10035917
1.09974645
1.09913378
1.09852014
1.09790655
1.09729244
1.09667793
1.09606345
1.09544897
1.09483353
1.09421768
1.09360132
1.09298455
1.09236778
1.09175055
1.09113291
1.09051526
1.08989716
1.08927810
1.08865908
1.08803961
1.08741968
1.08680030
1.08617991
1.08555911
1.08493786
1.08431711
1.08369495
1.08307278
1.08244971
1.08182764
1.08120416
1.08058018
1.07995629
1.07933241
1.07870757
1.07808278
1.07745754
1.07683184
1.07620569
1.07557960
1.07495254
1.07432554
1.07369859
1.07307069
1.07244233
1.07181397
1.07118522
1.07055647
1.06992681
1.06929717
1.06866660
1.06803605
1.06740556
1.06677364
1.06614276
1.06551040
1.06487862
1.06424536
1.06361320
1.06297955
1.06234597
1.06171194
1.06107798
1.06044253
1.05980813
1.05917230
1.05853706
1.05790131
1.05726413
1.05662801
1.05599045
1.05535344
1.05471597
1.05407706
1.05343922
1.05279989
1.05216115
1.05152197
1.05088134
1.05024174
1.04960121
1.04896024
1.04831934
1.04767800
1.04703568
1.04639345
1.04575124
1.04510864
1.04446454
1.04382152
1.04317752
1.04253367
1.04188825
1.04124398
1.04059879
1.03995310
1.03930749
1.03866038
1.03801442
1.03736748
1.03672009
1.03607280
1.03542506
1.03477580
1.03412771
1.03347858
1.03282960
1.03218018
1.03153026
1.03087994
1.03022914
1.02957848
1.02892625
1.02827470
1.02762319
1.02697071
1.02631832
1.02566500
1.02501173
1.02435856
1.02370440
1.02305029
1.02239530
1.02174031
1.02108493
1.02042964
1.01977338
1.01911717
1.01846056
1.01780352
1.01714707
1.01648909
1.01583127
1.01517296
1.01451426
1.01385507
1.01319598
1.01253597
1.01187600
1.01121664
1.01055585
1.00989506
1.00923340
1.00857179
1.00790969
1.00724830
1.00658537
1.00592256
1.00525925
1.00459557
1.00393194
1.00326793
1.00260287
1.00193799
1.00127316
1.00060740
0.99994170
0.99927612
0.99860955
0.99794199
0.99727511
0.99660778
0.99594002
0.99527183
0.99460376
0.99393469
0.99326630
0.99259637
0.99192650
0.99125681
0.99058613
0.98991496
0.98924452
0.98857304
0.98790168
0.98722939
0.98655773
0.98588457
0.98521204
0.98453851
0.98386456
0.98319073
0.98251647
0.98184234
0.98116665
0.98049222
0.97981623
0.97914093
0.97846515
0.97778786
0.97711184
0.97643420
0.97575675
0.97507886
0.97440106
0.97372283
0.97304365
0.97236512
0.97168503
0.97100570
0.97032588
0.96964506
0.96896496
0.96828442
0.96760231
0.96692092
0.96623966
0.96555684
0.96487467
0.96419213
0.96350801
0.96282519
0.96214131
0.96145763
0.96077231
0.96008778
0.95940333
0.95871788
0.95803149
0.95734576
0.95665960
0.95597308
0.95528664
0.95459863
0.95391134
0.95322363
0.95253549
0.95184692
0.95115845
0.95046904
0.94977919
0.94908950
0.94839939
0.94770937
0.94701840
0.94632753
0.94563630
0.94494458
0.94425302
0.94356051
0.94286810
0.94217526
0.94148206
0.94078896
0.94009427
0.93940033
0.93870596
0.93801175
0.93731653
0.93662148
0.93592594
0.93523004
0.93453372
0.93383698
0.93313975
0.93244275
0.93174533
0.93104742
0.93034915
0.92965041
0.92895182
0.92825347
0.92755405
0.92685420
0.92615394
0.92545384
0.92475338
0.92405185
0.92335162
0.92264985
0.92194824
0.92124562
0.92054318
0.91984091
0.91913816
0.91843445
0.91773092
0.91702751
0.91632314
0.91561830
0.91491309
0.91420860
0.91350310
0.91279723
0.91209149
0.91138473
0.91067815
0.90997175
0.90926433
0.90855596
0.90784885
0.90714024
0.90643170
0.90572340
0.90501408
0.90430548
0.90359533
0.90288476
0.90217498
0.90146412
0.90075405
0.90004242
0.89933152
0.89861905
0.89790672
0.89719518
0.89648207
0.89576909
0.89505570
0.89434250
0.89362828
0.89291425
0.89219981
0.89148556
0.89077090
0.89005460
0.88933966
0.88862315
0.88790744
0.88719010
0.88647411
0.88575711
0.88503913
0.88432191
0.88360434
0.88288507
0.88216722
0.88144779
0.88072851
0.88000943
0.87928932
0.87856941
0.87784909
0.87712898
0.87640722
0.87568628
0.87496494
0.87424256
0.87352039
0.87279837
0.87207599
0.87135259
0.87062933
0.86990573
0.86918227
0.86845840
0.86773295
0.86700826
0.86628323
0.86555834
0.86483305
0.86410735
0.86338005
0.86265353
0.86192716
0.86119989
0.86047270
0.85974517
0.85901723
0.85828950
0.85756075
0.85683215
0.85610195
0.85537259
0.85464339
0.85391322
0.85318321
0.85245223
0.85172140
0.85099080
0.85025922
0.84952717
0.84879535
0.84806312
0.84733054
0.84659750
0.84586468
0.84513083
0.84439840
0.84366436
0.84292992
0.84219507
0.84146046
0.84072474
0.83998931
0.83925348
0.83851781
0.83778117
0.83704532
0.83630851
0.83557122
0.83483354
0.83409551
0.83335765
0.83262002
0.83188136
0.83114229
0.83040288
0.82966421
0.82892457
0.82818396
0.82744345
0.82670388
0.82596262
0.82522161
0.82447955
0.82373895
0.82299674
0.82225405
0.82151231
0.82076946
0.82002564
0.81928327
0.81853922
0.81779483
0.81705127
0.81630666
0.81556165
0.81481695
0.81407114
0.81332622
0.81258025
0.81183324
0.81108770
0.81034053
0.80959426
0.80884630
0.80809923
0.80735105
0.80660383
0.80585492
0.80510684
0.80435713
0.80360825
0.80285839
0.80210937
0.80135865
0.80060883
0.79985803
0.79910742
0.79835576
0.79760435
0.79685255
0.79610100
0.79534906
0.79459606
0.79384333
0.79309085
0.79233666
0.79158332
0.79082900
0.79007494
0.78932107
0.78856556
0.78781090
0.78705591
0.78629980
0.78554468
0.78478844
0.78403246
0.78327549
0.78251873
0.78176156
0.78100467
0.78024606
0.77948837
0.77873030
0.77797183
0.77721230
0.77645370
0.77569464
0.77493526
0.77417548
0.77341465
0.77265402
0.77189372
0.77113297
0.77037190
0.76961036
0.76884850
0.76808684
0.76732353
0.76656109
0.76579825
0.76503503
0.76427208
0.76350807
0.76274434
0.76198022
0.76121571
0.76045080
0.75968618
0.75892116
0.75815509
0.75738989
0.75662370
0.75585713
0.75509076
0.75432340
0.75355633
0.75278879
0.75202154
0.75125330
0.75048527
0.74971624
0.74894743
0.74817891
0.74741000
0.74664070
0.74587034
0.74510033
0.74432986
0.74355962
0.74278838
0.74201810
0.74124676
0.74047504
0.73970285
0.73893035
0.73815746
0.73738547
0.73661248
0.73583911
0.73506528
0.73429243
0.73351789
0.73274358
0.73196896
0.73119456
0.73041977
0.72964392
0.72886905
0.72809311
0.72731609
0.72653945
0.72576365
0.72498685
0.72420898
0.72343209
0.72265414
0.72187710
0.72109838
0.72031927
0.71954177
0.71876189
0.71798362
0.71720366
0.71642324
0.71564382
0.71486340
0.71408321
0.71330195
0.71252169
0.71173973
0.71095871
0.71017660
0.70939481
0.70861194
0.70783007
0.70704644
0.70626381
0.70548010
0.70469664
0.70391286
0.70312870
0.70234479
0.70155987
0.70077519
0.69998950
0.69920476
0.69841901
0.69763280
0.69684692
0.69606002
0.69527337
0.69448704
0.69369901
0.69291192
0.69212445
0.69133590
0.69054837
0.68975976
0.68897140
0.68818203
0.68739298
0.68660355
0.68581304
0.68502349
0.68423363
0.68344332
0.68265270
0.68186100
0.68107025
0.68027850
0.67948700
0.67869512
0.67790223
0.67710960
0.67631729
0.67552461
0.67473155
0.67393812
0.67314367
0.67234947
0.67155554
0.67076067
0.66996598
0.66917170
0.66837634
0.66758059
0.66678511
0.66598933
0.66519309
0.66439656
0.66359964
0.66280299
0.66200533
0.66120793
0.66041015
0.65961207
0.65881426
0.65801536
0.65721680
0.65641786
0.65561855
0.65481894
0.65401952
0.65321916
0.65241900
0.65161853
0.65081769
0.65001647
0.64921488
0.64841429
0.64761267
0.64681068
0.64600824
0.64520550
0.64440311
0.64360100
0.64279779
0.64199428
0.64119033
0.64038600
0.63958274
0.63877847
0.63797302
0.63716793
0.63636246
0.63555807
0.63475259
0.63394601
0.63314050
0.63233390
0.63152766
0.63072032
0.62991398
0.62910590
0.62829817
0.62749145
0.62668298
0.62587407
0.62506631
0.62425739
0.62344882
0.62263922
0.62182919
0.62102024
0.62021027
0.61940058
0.61858980
0.61777865
0.61696785
0.61615669
0.61534590
0.61453326
0.61372246
0.61290983
0.61209756
0.61128484
0.61047257
0.60965846
0.60884611
0.60803200
0.60721826
0.60640407
0.60559026
0.60477467
0.60396086
0.60314602
0.60232999
0.60151508
0.60069906
0.59988349
0.59906747
0.59825036
0.59743435
0.59661650
0.59579976
0.59498266
0.59416445
0.59334728
0.59252982
0.59171125
0.59089232
0.59007369
0.58925477
0.58843549
0.58761576
0.58679649
0.58597678
0.58515604
0.58433560
0.58351554
0.58269438
0.58187292
0.58105177
0.58023026
0.57940838
0.57858689
0.57776428
0.57694132
0.57611873
0.57529579
0.57447248
0.57364956
0.57282627
0.57200180
0.57117704
0.57035266
0.56952860
0.56870351
0.56787880
0.56705365
0.56622815
0.56540235
0.56457612
0.56375028
0.56292340
0.56209684
0.56126992
0.56044271
0.55961582
0.55878781
0.55796020
0.55713223
0.55630390
0.55547520
0.55464615
0.55381742
0.55298764
0.55215827
0.55132853
0.55049987
0.54966942
0.54883853
0.54800811
0.54717726
0.54634613
0.54551456
0.54468270
0.54385194
0.54302005
0.54218788
0.54135528
0.54052232
0.53968976
0.53885685
0.53802358
0.53718918
0.53635519
0.53552238
0.53468767
0.53385338
0.53301796
0.53218363
0.53134827
0.53051331
0.52967791
0.52884224
0.52800544
0.52716975
0.52633301
0.52549660
0.52465983
0.52382279
0.52298455
0.52214748
0.52130937
0.52047229
0.51963347
0.51879422
0.51795615
0.51711695
0.51627895
0.51543904
0.51459878
0.51375963
0.51291874
0.51207888
0.51123798
0.51039819
0.50955657
0.50871615
0.50787383
0.50703262
0.50619036
0.50534923
0.50450618
0.50366442
0.50282222
0.50197812
0.50113600
0.50029204
0.49944843
0.49860525
0.49776016
0.49691627
0.49607125
0.49522744
0.49438250
0.49353720
0.49269156
0.49184704
0.49099991
0.49015477
0.48930842
0.48846179
0.48761482
0.48676819
0.48592200
0.48507397
0.48422638
0.48337914
0.48253154
0.48168211
0.48083382
0.47998596
0.47913697
0.47828691
0.47743816
0.47658891
0.47573930
0.47489013
0.47403983
0.47318838
0.47233817
0.47148752
0.47063661
0.46978534
0.46893444
0.46808248
0.46723096
0.46637902
0.46552601
0.46467336
0.46382045
0.46296790
0.46211509
0.46126184
0.46040825
0.45955431
0.45870010
0.45784626
0.45699128
0.45613675
0.45528186
0.45442664
0.45357185
0.45271593
0.45186046
0.45100464
0.45014839
0.44929188
0.44843582
0.44757933
0.44672258
0.44586468
0.44500715
0.44414936
0.44329194
0.44243346
0.44157615
0.44071770
0.43985898
0.43899984
0.43814035
0.43728060
0.43642202
0.43556230
0.43470224
0.43384182
0.43298107
0.43212158
0.43126014
0.43039915
0.42953782
0.42867688
0.42781486
0.42695331
0.42609133
0.42522909
0.42436651
0.42350431
0.42264104
0.42177735
0.42091493
0.42005144
0.41918752
0.41832408
0.41745956
0.41659462
0.41573095
0.41486541
0.41400106
0.41313556
0.41226972
0.41140515
0.41053863
0.40967330
0.40880691
0.40794098
0.40707390
0.40620729
0.40534026
0.40447379
0.40360535
0.40273811
0.40186980
0.40100270
0.40013370
0.39926592
0.39839625
0.39752779
0.39665825
0.39578992
0.39492044
0.39405062
0.39318046
0.39231004
0.39144002
0.39057040
0.38969897
0.38882793
0.38795729
0.38708558
0.38621434
0.38534277
0.38447086
0.38359853
0.38272677
0.38185302
0.38098132
0.38010855
