corrn_curve_linear_TF
1.62929006
1.62845057
1.62760993
1.62677044
1.62592980
1.62509037
1.62425089
1.62341146
1.62257198
1.62173249
1.62089422
1.62005479
1.61921652
1.61837703
1.61753876
1.61670049
1.61586222
1.61502395
1.61418684
1.61334857
1.61251151
1.61167324
1.61083734
1.61000022
1.60916317
1.60832605
1.60748894
1.60665304
1.60581598
1.60498008
1.60414418
1.60330828
1.60247238
1.60163648
1.60080174
1.59996584
1.59913116
1.59829647
1.59746057
1.59662583
1.59579114
1.59495761
1.59412287
1.59328819
1.59245466
1.59162113
1.59078760
1.58995285
1.58912054
1.58828701
1.58745348
1.58662117
1.58578764
1.58495527
1.58412295
1.58329064
1.58245827
1.58162595
1.58079358
1.57996127
1.57913133
1.57829895
1.57746779
1.57663664
1.57580432
1.57497438
1.57414322
1.57331328
1.57248212
1.57165212
1.57082218
1.56999224
1.56916223
1.56833229
1.56750235
1.56667356
1.56584356
1.56501483
1.56418605
1.56335726
1.56252732
1.56169968
1.56087096
1.56004217
1.55921338
1.55838581
1.55755940
1.55673061
1.55590304
1.55507547
1.55424783
1.55342142
1.55259385
1.55176743
1.55094108
1.55011405
1.54928764
1.54846183
1.54763486
1.54680966
1.54598386
1.54515866
1.54433224
1.54350704
1.54268178
1.54185597
1.54103138
1.54020672
1.53938274
1.53855809
1.53773289
1.53690884
1.53608486
1.53526142
1.53443737
1.53361333
1.53278989
1.53196652
1.53114363
1.53032080
1.52949797
1.52867392
1.52785170
1.52702887
1.52620659
1.52538497
1.52456269
1.52374108
1.52291940
1.52209779
1.52127612
1.52045505
1.51963338
1.51881176
1.51799070
1.51717024
1.51634917
1.51552871
1.51470825
1.51388840
1.51306788
1.51224803
1.51142934
1.51060949
1.50979018
1.50897094
1.50815164
1.50733240
1.50651309
1.50569440
1.50487576
1.50405707
1.50323837
1.50242028
1.50160280
1.50078526
1.49996718
1.49914909
1.49833161
1.49751413
1.49669781
1.49588033
1.49506339
1.49424652
1.49342959
1.49261387
1.49179700
1.49098068
1.49016435
1.48934809
1.48853292
1.48771720
1.48690148
1.48608698
1.48527127
1.48445616
1.48364105
1.48282649
1.48201199
1.48119688
1.48038293
1.47956836
1.47875447
1.47794113
1.47712656
1.47631383
1.47549993
1.47468598
1.47387324
1.47305990
1.47224655
1.47143442
1.47062107
1.46980949
1.46899615
1.46818462
1.46737243
1.46656091
1.46574817
1.46493720
1.46412501
1.46331403
1.46250251
1.46169214
1.46088056
1.46007020
1.45925861
1.45844885
1.45763788
1.45682812
1.45601715
1.45520799
1.45439817
1.45358781
1.45277866
1.45196884
1.45115969
1.45035108
1.44954132
1.44873272
1.44792472
1.44711551
1.44630752
1.44549952
1.44469037
1.44388298
1.44307498
1.44226699
1.44145954
1.44065215
1.43984537
1.43903738
1.43823053
1.43742375
1.43661752
1.43581013
1.43500390
1.43419767
1.43339143
1.43258465
1.43177903
1.43097340
1.43016778
1.42936276
1.42855714
1.42775151
1.42694650
1.42614148
1.42533701
1.42453260
1.42372813
1.42292372
1.42211925
1.42131545
1.42051043
1.41970657
1.41890332
1.41809945
1.41729626
1.41649301
1.41569036
1.41488711
1.41408446
1.41328175
1.41247911
1.41167646
1.41087442
1.41007178
1.40926968
1.40846825
1.40766615
1.40686472
1.40606323
1.40526180
1.40446030
1.40366003
1.40285915
1.40205826
1.40125738
1.40045710
1.39965683
1.39885595
1.39805567
1.39725661
1.39645694
1.39565722
1.39485755
1.39405788
1.39325815
1.39246025
1.39166058
1.39086207
1.39006301
1.38926389
1.38846659
1.38766808
1.38686963
1.38607112
1.38527382
1.38447592
1.38367801
1.38288126
1.38208397
1.38128606
1.38048992
1.37969262
1.37889587
1.37809979
1.37730304
1.37650636
1.37571021
1.37491407
1.37411799
1.37332246
1.37252632
1.37173139
1.37093586
1.37013972
1.36934540
1.36854987
1.36775549
1.36696056
1.36616624
1.36537132
1.36457694
1.36378323
1.36298885
1.36219514
1.36140076
1.36060760
1.35981389
1.35902073
1.35822818
1.35743440
1.35664185
1.35584869
1.35505613
1.35426358
1.35347163
1.35267962
1.35188646
1.35109512
1.35030257
1.34951117
1.34872038
1.34792782
1.34713703
1.34634624
1.34555429
1.34476411
1.34397332
1.34318198
1.34239180
1.34160216
1.34081082
1.34002124
1.33923161
1.33844203
1.33765185
1.33686227
1.33607324
1.33528428
1.33449409
1.33370567
1.33291664
1.33212828
1.33133986
1.33055023
1.32976247
1.32897405
1.32818624
1.32739843
1.32661122
1.32582280
1.32503499
1.32424778
1.32346052
1.32267392
1.32188672
1.32110006
1.32031346
1.31952680
1.31874082
1.31795355
1.31716756
1.31638151
1.31559546
1.31480947
1.31402403
1.31323859
1.31245315
1.31166770
1.31088287
1.31009804
1.30931320
1.30852831
1.30774347
1.30695925
1.30617557
1.30539195
1.30460766
1.30382344
1.30303976
1.30225614
1.30147246
1.30068878
1.29990571
1.29912270
1.29834024
1.29755717
1.29677471
1.29599164
1.29520917
1.29442671
1.29364540
1.29286355
1.29208108
1.29129917
1.29051731
1.28973661
1.28895536
1.28817345
1.28739220
1.28661211
1.28583080
1.28505010
1.28426940
1.28348931
1.28270922
1.28192858
1.28114903
1.28036894
1.27958885
1.27880997
1.27803043
1.27725034
1.27647207
1.27569252
1.27491304
1.27413471
1.27335583
1.27257811
1.27179917
1.27102030
1.27024258
1.26946425
1.26868714
1.26790881
1.26713169
1.26635397
1.26557686
1.26479914
1.26402263
1.26324546
1.26246895
1.26169184
1.26091588
1.26013877
1.25936281
1.25858630
1.25781035
1.25703384
1.25625849
1.25548375
1.25470718
1.25393244
1.25315648
1.25238174
1.25160760
1.25083165
1.25005751
1.24928216
1.24850797
1.24773444
1.24695970
1.24618550
1.24541198
1.24463778
1.24386425
1.24309067
1.24231769
1.24154416
1.24077118
1.23999820
1.23922462
1.23845224
1.23767987
1.23690750
1.23613513
1.23536215
1.23459039
1.23381862
1.23304741
1.23227564
1.23150327
1.23073206
1.22996090
1.22918968
1.22841908
1.22764792
1.22687670
1.22610610
1.22533555
1.22456555
1.22379494
1.22302494
1.22225494
1.22148554
1.22071554
1.21994609
1.21917670
1.21840731
1.21763846
1.21686846
1.21609968
1.21533083
1.21456205
1.21379320
1.21302502
1.21225739
1.21148916
1.21072092
1.20995329
1.20918566
1.20841748
1.20765040
1.20688277
1.20611514
1.20534812
1.20458110
1.20381408
1.20304705
1.20228119
1.20151477
1.20074830
1.19998189
1.19921602
1.19844961
1.19768374
1.19691848
1.19615267
1.19538742
1.19462155
1.19385629
1.19309225
1.19232699
1.19156173
1.19079708
1.19003298
1.18926832
1.18850428
1.18773963
1.18697614
1.18621209
1.18544805
1.18468516
1.18392106
1.18315762
1.18239474
1.18163124
1.18086841
1.18010607
1.17934264
1.17857975
1.17781808
1.17705519
1.17629352
1.17553124
1.17476890
1.17400723
1.17324555
1.17248443
1.17172276
1.17096169
1.17019996
1.16943890
1.16867838
1.16791671
1.16715680
1.16639567
1.16563577
1.16487470
1.16411534
1.16335488
1.16259497
1.16183561
1.16107570
1.16031640
1.15955649
1.15879780
1.15803789
1.15727914
1.15652099
1.15576169
1.15500300
1.15424424
1.15348616
1.15272801
1.15196926
1.15121172
1.15045424
1.14969610
1.14893856
1.14818163
1.14742348
1.14666655
1.14590962
1.14515269
1.14439516
1.14363877
1.14288245
1.14212607
1.14136914
1.14061342
1.13985765
1.13910187
1.13834616
1.13758978
1.13683406
1.13607890
1.13532373
1.13456856
1.13381279
1.13305823
1.13230306
1.13154850
1.13079455
1.13003999
1.12928598
1.12853142
1.12777686
1.12702291
1.12626896
1.12551555
1.12476215
1.12400881
1.12325540
1.12250261
1.12174926
1.12099647
1.12024367
1.11949087
1.11873869
1.11798595
1.11723370
1.11648151
1.11572933
1.11497774
1.11422556
1.11347398
1.11272234
1.11197075
1.11121978
1.11046936
1.10971832
1.10896735
1.10821632
1.10746535
1.10671492
1.10596450
1.10521413
1.10446431
1.10371450
1.10296407
1.10221425
1.10146444
1.10071462
1.09996602
1.09921675
1.09846754
1.09771833
1.09697027
1.09622107
1.09547240
1.09472319
1.09397575
1.09322715
1.09247848
1.09173049
1.09098304
1.09023499
1.08948754
1.08874010
1.08799265
1.08724520
1.08649836
1.08575092
1.08500408
1.08425785
1.08351101
1.08276417
1.08201788
1.08127165
1.08052597
1.07977974
1.07903405
1.07828782
1.07754214
1.07679706
1.07605083
1.07530637
1.07456068
1.07381621
1.07307053
1.07232667
1.07158160
1.07083713
1.07009266
1.06934880
1.06860373
1.06786041
1.06711595
1.06637269
1.06562938
1.06488491
1.06414221
1.06339835
1.06265565
1.06191294
1.06116908
1.06042698
1.05968367
1.05894158
1.05819948
1.05745623
1.05671468
1.05597258
1.05523048
1.05448900
1.05374751
1.05300541
1.05226392
1.05152298
1.05078210
1.05004000
1.04929967
1.04855873
1.04781845
1.04707690
1.04633718
1.04559691
1.04485657
1.04411685
1.04337590
1.04263679
1.04189706
1.04115734
1.04041822
1.03967910
1.03893877
1.03820026
1.03746108
1.03672257
1.03598406
1.03524549
1.03450698
1.03376841
1.03303050
1.03229133
1.03155342
1.03081607
1.03007811
1.02934075
1.02860285
1.02786550
1.02712875
1.02639139
1.02565459
1.02491729
1.02418048
1.02344374
1.02270760
1.02197085
1.02123465
1.02049851
1.01976237
1.01902739
1.01829119
1.01755566
1.01682007
1.01608454
1.01534894
1.01461396
1.01387843
1.01314345
1.01240962
1.01167469
1.01094026
1.01020533
1.00947096
1.00873652
1.00800336
1.00726898
1.00653522
1.00580139
1.00506762
1.00433440
1.00360124
1.00286741
1.00213425
1.00140164
1.00066848
0.99993586
0.99920386
0.99847125
0.99773802
0.99700602
0.99627401
0.99554201
0.99481000
0.99407861
0.99334660
0.99261581
0.99188381
0.99115235
0.99042156
0.98969016
0.98895871
0.98822852
0.98749767
0.98676743
0.98603664
0.98530701
0.98457622
0.98384659
0.98311634
0.98238610
0.98165647
0.98092683
0.98019781
0.97946757
0.97873915
0.97800951
0.97728109
0.97655262
0.97582298
0.97509517
0.97436608
0.97363767
0.97290925
0.97218138
0.97145350
0.97072509
0.96999782
0.96926934
0.96854214
0.96781488
0.96708701
0.96636035
0.96563370
0.96490583
0.96417917
0.96345312
0.96272586
0.96199975
0.96127370
0.96054644
0.95982100
0.95909489
0.95836945
0.95764274
0.95691730
0.95619241
0.95546691
0.95474086
0.95401597
0.95329107
0.95256624
0.95184196
0.95111646
0.95039217
0.94966789
0.94894360
0.94821932
0.94749558
0.94677130
0.94604701
0.94532334
0.94459966
0.94387653
0.94315286
0.94242973
0.94170666
0.94098353
0.94026101
0.93953794
0.93881542
0.93809290
0.93737043
0.93664852
0.93592539
0.93520348
0.93448157
0.93376026
0.93303835
0.93231704
0.93159567
0.93087437
0.93015306
0.92943176
0.92871039
0.92798969
0.92726900
0.92654824
0.92582754
0.92510678
0.92438663
0.92366715
0.92294700
0.92222685
0.92150670
0.92078716
0.92006767
0.91934752
0.91862914
0.91790959
0.91719066
0.91647112
0.91575218
0.91503385
0.91431547
0.91359653
0.91287821
0.91216043
0.91144210
0.91072371
0.91000539
0.90928821
0.90857043
0.90785272
0.90713554
0.90641776
0.90570059
0.90498403
0.90426686
0.90354914
0.90283312
0.90211601
0.90139939
0.90068343
0.89996687
0.89925146
0.89853489
0.89781833
0.89710298
0.89638697
0.89567217
0.89495621
0.89424141
0.89352545
0.89281004
0.89209585
0.89138050
0.89066570
0.88995090
0.88923671
0.88852191
0.88780772
0.88709352
0.88637994
0.88566635
0.88495155
0.88423852
0.88352432
0.88281135
0.88209715
0.88138472
0.88067169
0.87995810
0.87924567
0.87853330
0.87781966
0.87710783
0.87639486
0.87568243
0.87497061
0.87425818
0.87354635
0.87283453
0.87212332
0.87141089
0.87069967
0.86998846
0.86927664
0.86856542
0.86785476
0.86714415
0.86643294
0.86572227
0.86501166
0.86430161
0.86359155
0.86288033
0.86217027
0.86146028
0.86075083
0.86004137
0.85933192
0.85862132
0.85791187
0.85720296
0.85649357
0.85578467
0.85507583
0.85436698
0.85365875
0.85294990
0.85224161
0.85153216
0.85082392
0.85011623
0.84940800
0.84870031
0.84799208
0.84728439
0.84657731
0.84586968
0.84516199
0.84445491
0.84374783
0.84304081
0.84233373
0.84162726
0.84092018
0.84021486
0.83950839
0.83880192
0.83809545
0.83738958
0.83668305
0.83597719
0.83527132
0.83456601
0.83386014
0.83315543
0.83245018
0.83174486
0.83103954
0.83033429
0.82962958
0.82892548
0.82822077
0.82751606
0.82681141
0.82610785
0.82540375
0.82469910
0.82399494
0.82329206
0.82258796
0.82188446
0.82118036
0.82047802
0.81977453
0.81907098
0.81836870
0.81766575
0.81696226
0.81626053
0.81555758
0.81485470
0.81415297
0.81345063
0.81274829
0.81204662
0.81134428
0.81064316
0.80994143
0.80923909
0.80853852
0.80783679
0.80713627
0.80643454
0.80573403
0.80503284
0.80433294
0.80363182
0.80293185
0.80223073
0.80153076
0.80083024
0.80013088
0.79943031
0.79873095
0.79803104
0.79733168
0.79663172
0.79593236
0.79523300
0.79453425
0.79383550
0.79313614
0.79243738
0.79173924
0.79103988
0.79034168
0.78964293
0.78894478
0.78824719
0.78754843
0.78685084
0.78615330
0.78545510
0.78475817
0.78406057
0.78336359
0.78266605
0.78196906
0.78127207
0.78057569
0.77987810
0.77918172
0.77848534
0.77778895
0.77709197
0.77639619
0.77570036
0.77500459
0.77430882
0.77361243
0.77291660
0.77222144
0.77152621
0.77083105
0.77013582
0.76944066
0.76874604
0.76805027
0.76735565
0.76666103
0.76596641
0.76527240
0.76457779
0.76388378
0.76318977
0.76249576
0.76180175
0.76110835
0.76041494
0.75972093
0.75902808
0.75833468
0.75764128
0.75694842
0.75625502
0.75556223
0.75486937
0.75417713
0.75348433
0.75279209
0.75209929
0.75140705
0.75071541
0.75002377
0.74933213
0.74863988
0.74794830
0.74725667
0.74656557
0.74587394
0.74518351
0.74449248
0.74380145
0.74311036
0.74241933
0.74172830
0.74103842
0.74034800
0.73965758
0.73896709
0.73827783
0.73758740
0.73689753
0.73620771
0.73551844
0.73482918
0.73413930
0.73345064
0.73276137
0.73207150
0.73138229
0.73069418
0.73000552
0.72931625
0.72862820
0.72793954
0.72725203
0.72656337
0.72587471
0.72518782
0.72449916
0.72381226
0.72312421
0.72243610
0.72174920
0.72106175
0.72037486
0.71968735
0.71900106
0.71831362
0.71762733
0.71694043
0.71625415
0.71556725
0.71488157
0.71419467
0.71350899
0.71282270
0.71213696
0.71145128
0.71076560
0.71008046
0.70939478
0.70870965
0.70802397
0.70733944
0.70665437
0.70596923
0.70528471
0.70459963
0.70391511
0.70323119
0.70254612
0.70186220
0.70117828
0.70049376
0.69981045
0.69912653
0.69844316
0.69775924
0.69707593
0.69639262
0.69570870
0.69502594
0.69434324
0.69366047
0.69297777
0.69229446
0.69161231
0.69092960
0.69024745
0.68956529
0.68888259
0.68820044
0.68751889
0.68683734
0.68615579
0.68547425
0.68479215
0.68411061
0.68342961
0.68274812
0.68206712
0.68138679
0.68070585
0.68002491
0.67934452
0.67866419
0.67798379
0.67730346
0.67662313
0.67594335
0.67526302
0.67458323
0.67390345
0.67322373
0.67254455
0.67186476
0.67118559
0.67050641
0.66982724
0.66914812
0.66846949
0.66779038
0.66711175
0.66643318
0.66575461
0.66507604
0.66439747
0.66372006
0.66304210
0.66236414
0.66168612
0.66100816
0.66033081
0.65965400
0.65897659
0.65829924
0.65762182
0.65694441
0.65626821
0.65559147
0.65491405
0.65423725
0.65356044
0.65288485
0.65220866
0.65153185
0.65085626
0.65018006
0.64950448
0.64882828
0.64815324
0.64747704
0.64680145
0.64612701
0.64545143
0.64477578
0.64410140
0.64342636
0.64275192
0.64207694
0.64140190
0.64072807
0.64005370
0.63937987
0.63870544
0.63803101
0.63735718
0.63668335
0.63601013
0.63533570
0.63466309
0.63398926
0.63331604
0.63264277
0.63197015
0.63129633
0.63062426
0.62995105
0.62927844
0.62860576
0.62793370
0.62726048
0.62658903
0.62591702
0.62524435
0.62457290
0.62390083
0.62322944
0.62255798
0.62188592
0.62121507
0.62054301
0.61987216
0.61920131
0.61852986
0.61785956
0.61718932
0.61651847
0.61584762
0.61517732
0.61450708
0.61383684
0.61316654
0.61249691
0.61182722
0.61115698
0.61048729
0.60981820
0.60914851
0.60847888
0.60780979
0.60714071
0.60647162
0.60580315
0.60513406
0.60446498
0.60379650
0.60312802
0.60245955
0.60179168
0.60112381
0.60045527
0.59978680
0.59911893
0.59845161
0.59778374
0.59711648
0.59644915
0.59578183
0.59511457
0.59444725
0.59378054
0.59311328
0.59244656
0.59177985
0.59111320
0.59044709
0.58978038
0.58911427
0.58844817
0.58778206
0.58711595
0.58644985
0.58578429
0.58511818
0.58445269
0.58378719
0.58312284
0.58245735
0.58179179
0.58112690
0.58046195
0.57979706
0.57913211
0.57846722
0.57780348
0.57713914
0.57647486
0.57581052
0.57514617
0.57448244
0.57381870
0.57315497
0.57249062
0.57182689
0.57116437
0.57050064
0.56983751
0.56917377
0.56851119
0.56784807
0.56718555
0.56652297
0.56586045
0.56519732
0.56453535
0.56387283
0.56321086
0.56254889
0.56188698
0.56122440
0.56056303
0.55990112
0.55924031
0.55857839
0.55791642
0.55725567
0.55659430
0.55593416
0.55527279
0.55461143
0.55395122
0.55328992
0.55262971
0.55196895
0.55130935
0.55064859
0.54998905
0.54932830
0.54866870
0.54800855
0.54734956
0.54668935
0.54603041
0.54537142
0.54471121
0.54405283
0.54339329
0.54273429
0.54207591
0.54141631
0.54075792
0.54009893
0.53944115
0.53878277
0.53812438
0.53746600
0.53680877
0.53614977
0.53549261
0.53483477
0.53417699
0.53351921
0.53286198
0.53220536
0.53154758
0.53089041
0.53023379
0.52957717
0.52891939
0.52826277
0.52760676
0.52695013
0.52629297
0.52563707
0.52498106
0.52432504
0.52366964
0.52301362
0.52235700
0.52170160
0.52104613
0.52039072
0.51973532
0.51908046
0.51842505
0.51777025
0.51711539
0.51645999
0.51580513
0.51515033
0.51449608
0.51384189
0.51318764
0.51253339
0.51187913
0.51122494
0.51057130
0.50991705
0.50926341
0.50860976
0.50795612
0.50730308
0.50664944
0.50599641
0.50534337
0.50469027
0.50403724
0.50338481
0.50273232
0.50207990
0.50142686
0.50077437
0.50012195
0.49947007
0.49881764
0.49816637
0.49751449
0.49686267
0.49621079
0.49555891
0.49490709
0.49425642
0.49360515
0.49295388
0.49230260
0.49165133
0.49100128
0.49035000
0.48969934
0.48904867
0.48839856
0.48774789
0.48709784
0.48644772
0.48579766
0.48514761
0.48449810
0.48384804
0.48319792
0.48254902
0.48189957
0.48125006
0.48060116
0.47995171
0.47930220
0.47865391
0.47800446
0.47735617
0.47670727
0.47605837
0.47541068
0.47476178
0.47411403
0.47346574
0.47281805
0.47216976
0.47152207
0.47087433
0.47022725
0.46957896
0.46893182
0.46828413
0.46763760
0.46698992
0.46634339
0.46569570
0.46504917
0.46440209
0.46375617
0.46310964
0.46246311
0.46181658
0.46117011
0.46052419
0.45987881
0.45923234
0.45858642
0.45794104
0.45729512
0.45664981
0.45600449
0.45535918
0.45471380
0.45406909
0.45342317
0.45277901
0.45213431
