# corrn_curve_quartic
-0.016275577
-0.008456468
-0.000660103
0.007092176
0.014821787
0.022507017
0.030159705
0.037778827
0.045365570
0.052919463
0.060429722
0.067917673
0.075362792
0.082786216
0.090166525
0.097514575
0.104830448
0.112114227
0.119356024
0.126575904
0.133753533
0.140909843
0.148014361
0.155097719
0.162149129
0.169169696
0.176158989
0.183107004
0.190033533
0.196919539
0.203774682
0.210599043
0.217392700
0.224155734
0.230878942
0.237581010
0.244243012
0.250874795
0.257486035
0.264058055
0.270599614
0.277102280
0.283584625
0.290036752
0.296450345
0.302834430
0.309189087
0.315523596
0.321810422
0.328077256
0.334314971
0.340514609
0.346694360
0.352836720
0.358949904
0.365034437
0.371090838
0.377118299
0.383117776
0.389088468
0.395014005
0.400928748
0.406806791
0.412656871
0.418487134
0.424273018
0.430039661
0.435770267
0.441481700
0.447157740
0.452806006
0.458426988
0.464021169
0.469587805
0.475127380
0.480632314
0.486118426
0.491569319
0.496993921
0.502391905
0.507770812
0.513108311
0.518426490
0.523718734
0.528984725
0.534216867
0.539415730
0.544603510
0.549757772
0.554886220
0.559989298
0.565059261
0.570110727
0.575129669
0.580122858
0.585094747
0.590037728
0.594951928
0.599847884
0.604708418
0.609547618
0.614358430
0.619151529
0.623912881
0.628649975
0.633365645
0.638049923
0.642710182
0.647342396
0.651954154
0.656544790
0.661104931
0.665640756
0.670149681
0.674638099
0.679102739
0.683540403
0.687954136
0.692341750
0.696705604
0.701046092
0.705369643
0.709660402
0.713931179
0.718176043
0.722394484
0.726593437
0.730766140
0.734916389
0.739043636
0.743148560
0.747227908
0.751287788
0.755324939
0.759337063
0.763323976
0.767291652
0.771234281
0.775154874
0.779050618
0.782927640
0.786779687
0.790604611
0.794413270
0.798197798
0.801960528
0.805702085
0.809421977
0.813120822
0.816795685
0.820449112
0.824081711
0.827693272
0.831281202
0.834845611
0.838389497
0.841915011
0.845419837
0.848901455
0.852362542
0.855798313
0.859218554
0.862616182
0.865993307
0.869350492
0.872682596
0.875999369
0.879293938
0.882568594
0.885823158
0.889053611
0.892266540
0.895459832
0.898628831
0.901783061
0.904915508
0.908028590
0.911120299
0.914192563
0.917247945
0.920279916
0.923295124
0.926288903
0.929261806
0.932220311
0.935153459
0.938072085
0.940972281
0.943849598
0.946710572
0.949553105
0.952373046
0.955178898
0.957960463
0.960729883
0.963475007
0.966204362
0.968913513
0.971608791
0.974280393
0.976938209
0.979574339
0.982194594
0.984793554
0.987378880
0.989942881
0.992493310
0.995020691
0.997534588
1.000027519
1.002507028
1.004963896
1.007405787
1.009832350
1.012238384
1.014629566
1.017002003
1.019356146
1.021696987
1.024017903
1.026320576
1.028610239
1.030880067
1.033133569
1.035373984
1.037593309
1.039798148
1.041986881
1.044158095
1.046313171
1.048450724
1.050575621
1.052681680
1.054771847
1.056844934
1.058905354
1.060947265
1.062973679
1.064984651
1.066981583
1.068960332
1.070923821
1.072872103
1.074803779
1.076721818
1.078624810
1.080511387
1.082383044
1.084238577
1.086079175
1.087905170
1.089716338
1.091513004
1.093293607
1.095062360
1.096814102
1.098550126
1.100273110
1.101980371
1.103673527
1.105351234
1.107016084
1.108665609
1.110301246
1.111922800
1.113530445
1.115123030
1.116703019
1.118268187
1.119818379
1.121356230
1.122879228
1.124388822
1.125884835
1.127367541
1.128834659
1.130289595
1.131731280
1.133159763
1.134574022
1.135975197
1.137364385
1.138739527
1.140099670
1.141447982
1.142783573
1.144106287
1.145416276
1.146713684
1.147995544
1.149267669
1.150525448
1.151771625
1.153005475
1.154224177
1.155432437
1.156628345
1.157812130
1.158981972
1.160140608
1.161287189
1.162420126
1.163541901
1.164652620
1.165749054
1.166835281
1.167909016
1.168970167
1.170020562
1.171059273
1.172085724
1.173100678
1.174104103
1.175095447
1.176076191
1.177044147
1.178001595
1.178948552
1.179882197
1.180806161
1.181717733
1.182618923
1.183508468
1.184387773
1.185255604
1.186111896
1.186958138
1.187792947
1.188617774
1.189430717
1.190233640
1.191025479
1.191806241
1.192577752
1.193337692
1.194087865
1.194827164
1.195556211
1.196274501
1.196982693
1.197681786
1.198369208
1.199047654
1.199715136
1.200372191
1.201020808
1.201658144
1.202285694
1.202904396
1.203512022
1.204110459
1.204699680
1.205278470
1.205847347
1.206407952
1.206957871
1.207498447
1.208029636
1.208551920
1.209064535
1.209567582
1.210061422
1.210546874
1.211022158
1.211488762
1.211945973
1.212394265
1.212834312
1.213264437
1.213686094
1.214098640
1.214502442
1.214897237
1.215283970
1.215661775
1.216030711
1.216391139
1.216742775
1.217086227
1.217421030
1.217747439
1.218065543
1.218375094
1.218676889
1.218969985
1.219254938
1.219531764
1.219800480
1.220060967
1.220313451
1.220557972
1.220794565
1.221023094
1.221243784
1.221456670
1.221661806
1.221859196
1.222048750
1.222230536
1.222404712
1.222571469
1.222730678
1.222882286
1.223026432
1.223163175
1.223292540
1.223414469
1.223529095
1.223636389
1.223736546
1.223829444
1.223915265
1.223993910
1.224065483
1.224129931
1.224187437
1.224238024
1.224281652
1.224318392
1.224348242
1.224371310
1.224387619
1.224397174
1.224400029
1.224396225
1.224385797
1.224368780
1.224345227
1.224315163
1.224278593
1.224235634
1.224186236
1.224130462
1.224068445
1.224000076
1.223925385
1.223844646
1.223757577
1.223664348
1.223565134
1.223459761
1.223348497
1.223231035
1.223107588
1.222978374
1.222843140
1.222702242
1.222555270
1.222402716
1.222244261
1.222080184
1.221910261
1.221734928
1.221553797
1.221367211
1.221174897
1.220977326
1.220773943
1.220565383
1.220351225
1.220131804
1.219906839
1.219676862
1.219441759
1.219200811
1.218955178
1.218703935
1.218447899
1.218186918
1.217920189
1.217648997
1.217372313
1.217091012
1.216804965
1.216513500
1.216217302
1.215916460
1.215610483
1.215299929
1.214984540
1.214664622
1.214339728
1.214010345
1.213676276
1.213337279
1.212994190
1.212646506
1.212294258
1.211937472
1.211575892
1.211210404
1.210840472
1.210466389
1.210087654
1.209704255
1.209317099
1.208925675
1.208529949
1.208130296
1.207726146
1.207317775
1.206905569
1.206489270
1.206069170
1.205644667
1.205216458
1.204784236
1.204348373
1.203908209
1.203464429
1.203016783
1.202565265
1.202110224
1.201650676
1.201188063
1.200721650
1.200251538
1.199777677
1.199300549
1.198820112
1.198335669
1.197847623
1.197356392
1.196861615
1.196362962
1.195861527
1.195356267
1.194847562
1.194335846
1.193820740
1.193302271
1.192780463
1.192256134
1.191728147
1.191196858
1.190662376
1.190125068
1.189584191
1.189040540
1.188494191
1.187944344
1.187391807
1.186835772
1.186277143
1.185716399
1.185151780
1.184584199
1.184014134
1.183441569
1.182865708
1.182287445
1.181705882
1.181122386
1.180535682
1.179946212
1.179354894
1.178759914
1.178162759
1.177563363
1.176960840
1.176356221
1.175749389
1.175139106
1.174526702
1.173912747
1.173295300
1.172676354
1.172054450
1.171430053
1.170803786
1.170175123
1.169544540
1.168911152
1.168275942
1.167637864
1.166998060
1.166356455
1.165711631
1.165066081
1.164417300
1.163767380
1.163114314
1.162460578
1.161803787
1.161145377
1.160485373
1.159822844
1.159158817
1.158492250
1.157824765
1.157154243
1.156482795
1.155809964
1.155134202
1.154457097
1.153778074
1.153097807
1.152415662
1.151731166
1.151045985
1.150359097
1.149669859
1.148979450
1.148287892
1.147593537
1.146898631
1.146202080
1.145503902
1.144803555
1.144102688
1.143400309
1.142696324
1.141990296
1.141283892
1.140575937
1.139866509
1.139155681
1.138442785
1.137729097
1.137014526
1.136298572
1.135581252
1.134862007
1.134142589
1.133421280
1.132699258
1.131976543
1.131251988
1.130526718
1.129799698
1.129071470
1.128342641
1.127612639
1.126882014
1.126150252
1.125417430
1.124683445
1.123948967
1.123212885
1.122476285
1.121738648
1.120999992
1.120260929
1.119520341
1.118779261
1.118037286
1.117294373
1.116551138
1.115806395
1.115061363
1.114315396
1.113568630
1.112821625
1.112074338
1.111325634
1.110576193
1.109825909
1.109074920
1.108323726
1.107571796
1.106819206
1.106066459
1.105313022
1.104558296
1.103803520
1.103048097
1.102292041
1.101536593
1.100779868
1.100022615
1.099264786
1.098507566
1.097748629
1.096989714
1.096229725
1.095471020
1.094710651
1.093949743
1.093189051
1.092428465
1.091666824
1.090905379
1.090143524
1.089381273
1.088618638
1.087856253
1.087092890
1.086329804
1.085567008
1.084803272
1.084039230
1.083275454
1.082511461
1.081747760
1.080983243
1.080219043
1.079454052
1.078689403
1.077925171
1.077159560
1.076395576
1.075630173
1.074865860
1.074100152
1.073336181
1.072570839
1.071806009
1.071041079
1.070276685
1.069510964
1.068746989
1.067981772
1.067217760
1.066453653
1.065688338
1.064924823
1.064160122
1.063396618
1.062633136
1.061868499
1.061105717
1.060341739
1.059579074
1.058816483
1.058052789
1.057290939
1.056528631
1.055766438
1.055004995
1.054243686
1.053481897
1.052720887
1.051960603
1.051200555
1.050439443
1.049680332
1.048920799
1.048162164
1.047402442
1.046644819
1.045886874
1.045129116
1.044372237
1.043614381
1.042858666
1.042102613
1.041346854
1.040592017
1.039837490
1.039082041
1.038328780
1.037575174
1.036822592
1.036070363
1.035318433
1.034566933
1.033815748
1.033065628
1.032314604
1.031565277
1.030816914
1.030068351
1.029320827
1.028573181
1.027826528
1.027080937
1.026335184
1.025590446
1.024845684
1.024101890
1.023358641
1.022616494
1.021874231
1.021133023
1.020392387
1.019652269
1.018913835
1.018174711
1.017436796
1.016699363
1.015962543
1.015226218
1.014491066
1.013755936
1.013021929
1.012289657
1.011556880
1.010825183
1.010093601
1.009363170
1.008633291
1.007905297
1.007176719
1.006449374
1.005722602
1.004996531
1.004271647
1.003547473
1.002823295
1.002100439
1.001378789
1.000657271
0.999936969
0.999217945
0.998499010
0.997780172
0.997063222
0.996346973
0.995631430
0.994916597
0.994203073
0.993489675
0.992778185
0.992066240
0.991355561
0.990646267
0.989937125
0.989228671
0.988522201
0.987815837
0.987110818
0.986406032
0.985703124
0.984999873
0.984298504
0.983597328
0.982896932
0.982197902
0.981499659
0.980802787
0.980105547
0.979410844
0.978715781
0.978022679
0.977330324
0.976637681
0.975947581
0.975257085
0.974568041
0.973879818
0.973192934
0.972506876
0.971821131
0.971137304
0.970453168
0.969771067
0.969089747
0.968408698
0.967729630
0.967051405
0.966372894
0.965696366
0.965021254
0.964345866
0.963672405
0.962999856
0.962327042
0.961656774
0.960986751
0.960318207
0.959649354
0.958982543
0.958317101
0.957651971
0.956987211
0.956324381
0.955662424
0.955001397
0.954341742
0.953681859
0.953023958
0.952366936
0.951710793
0.951055529
0.950401641
0.949748141
0.949095523
0.948444336
0.947794033
0.947145104
0.946496568
0.945849407
0.945203185
0.944557794
0.943913829
0.943270262
0.942628068
0.941986758
0.941346388
0.940707387
0.940068196
0.939430965
0.938794619
0.938159691
0.937525111
0.936891949
0.936259616
0.935628219
0.934997703
0.934368068
0.933739261
0.933111917
0.932485451
0.931859810
0.931235099
0.930611211
0.929988725
0.929367689
0.928746948
0.928127079
0.927508081
0.926890474
0.926273786
0.925657392
0.925043370
0.924429224
0.923816458
0.923204035
0.922592987
0.921983312
0.921374439
0.920765955
0.920158837
0.919553029
0.918947606
0.918342977
0.917739243
0.917137319
0.916535723
0.915935014
0.915335597
0.914736503
0.914138745
0.913542319
0.912946211
0.912350472
0.911756962
0.911163363
0.910570979
0.909979957
0.909389242
0.908800282
0.908211173
0.907622865
0.907036349
0.906450079
0.905865592
0.905280947
0.904698027
0.904114946
0.903533087
0.902952990
0.902372723
0.901793667
0.901215373
0.900638329
0.900061549
0.899486011
0.898911221
0.898337663
0.897764844
0.897191786
0.896620873
0.896049764
0.895480350
0.894910686
0.894343143
0.893775827
0.893208783
0.892643360
0.892078682
0.891513688
0.890950826
0.890387737
0.889825761
0.889264940
0.888704311
0.888144828
0.887586006
0.887028317
0.886470328
0.885913939
0.885358192
0.884802607
0.884248130
0.883694706
0.883141950
0.882589339
0.882037765
0.881486845
0.880936949
0.880387648
0.879838045
0.879289919
0.878742420
0.878195915
0.877649978
0.877104603
0.876558898
0.876014631
0.875471328
0.874928192
0.874385962
0.873844305
0.873303169
0.872763012
0.872222901
0.871683710
0.871144137
0.870605980
0.870068722
0.869531528
0.868995219
0.868458962
0.867923578
0.867389106
0.866854665
0.866320619
0.865787463
0.865254734
0.864722469
0.864190571
0.863659535
0.863128441
0.862599062
0.862069201
0.861539718
0.861010605
0.860482311
0.859953873
0.859426285
0.858899039
0.858372536
0.857845952
0.857320549
0.856795051
0.856269813
0.855744872
0.855220267
0.854696352
0.854173163
0.853649789
0.853126674
0.852603857
0.852082095
0.851560163
0.851038054
0.850516526
0.849996155
0.849475087
0.848954666
0.848433983
0.847914784
0.847394902
0.846875138
0.846356472
0.845837460
0.845318181
0.844800334
0.844281710
0.843763245
0.843245735
0.842727873
0.842210099
0.841692895
0.841175268
0.840658598
0.840141533
0.839624062
0.839107925
0.838590962
0.838074912
0.837557973
0.837041928
0.836525379
0.836009751
0.835493199
0.834977459
0.834460820
0.833944975
0.833428661
0.832913123
0.832396603
0.831880885
0.831364660
0.830848724
0.830332217
0.829816025
0.829299690
0.828783652
0.828267452
0.827750631
0.827234077
0.826717781
0.826200384
0.825683631
0.825166250
0.824649088
0.824132090
0.823613983
0.823096471
0.822578732
0.822060214
0.821542351
0.821023688
0.820505164
0.819985909
0.819466727
0.818947199
0.818427770
0.817907068
0.817386896
0.816866337
0.816345381
0.815823560
0.815302231
0.814780425
0.814258225
0.813735573
0.813212000
0.812688365
0.812164748
0.811640590
0.811115970
0.810590787
0.810065120
0.809539327
0.809012106
0.808485198
0.807957715
0.807429646
0.806901443
0.806372169
0.805842737
0.805312674
0.804781968
0.804250608
0.803719046
0.803186808
0.802653412
0.802120203
0.801585860
0.801050792
0.800515409
0.799978855
0.799442009
0.798904344
0.798366367
0.797827167
0.797287585
0.796746755
0.796205518
0.795663912
0.795121450
0.794578118
0.794033427
0.793488367
0.792942352
0.792395850
0.791847984
0.791300138
0.790750854
0.790200601
0.789649317
0.789097087
0.788543848
0.787990516
0.787435713
0.786879865
0.786322908
0.785765864
0.785206802
0.784647086
0.784086309
0.783524855
0.782962267
0.782398033
0.781833633
0.781267561
0.780699799
0.780131385
0.779562660
0.778992257
0.778420107
0.777847713
0.777273546
0.776699062
0.776122318
0.775544264
0.774966370
0.774385657
0.773805084
0.773222171
0.772637829
0.772053131
0.771466564
0.770879048
0.770289579
0.769699710
0.769107389
0.768514591
0.767919781
0.767323998
0.766726171
0.766127876
0.765526976
0.764925583
0.764322086
0.763717485
0.763111339
0.762503580
0.761894680
0.761283651
0.760671454
0.760057096
0.759442090
0.758824893
0.758205926
0.757585781
0.756963396
0.756339750
0.755714888
0.755087182
0.754458733
0.753828469
0.753195812
0.752562436
0.751926635
0.751289469
0.750649902
0.750008998
0.749366176
0.748720843
0.748074651
0.747426554
0.746776420
0.746124350
0.745469686
0.744814105
0.744155958
0.743496282
0.742834537
0.742170172
0.741504236
0.740836779
0.740167192
0.739495458
0.738821562
0.738144943
0.737466671
0.736786735
0.736104088
0.735419686
0.734733704
0.734044837
0.733353681
0.732660778
0.731965619
0.731268063
0.730568218
0.729866007
0.729161978
0.728454983
0.727746143
0.727034872
0.726321217
0.725605677
0.724887017
0.724166505
0.723443482
0.722717933
0.721989905
0.721259840
0.720526675
0.719791444
0.719053670
0.718313271
0.717570230
0.716824530
0.716077429
0.715327036
0.714573937
0.713818046
0.713059482
0.712298842
0.711536049
0.710769782
0.710000778
0.709228881
0.708454141
0.707677939
0.706898239
0.706114875
0.705329304
0.704540808
0.703750793
0.702957112
0.702159740
0.701360810
0.700558154
0.699753195
0.698944467
0.698134065
0.697319196
0.696501964
0.695683024
0.694859553
0.694032858
0.693204566
0.692372273
0.691537535
0.690698904
0.689856962
0.689013290
0.688165669
0.687315453
0.686461169
0.685603561
0.684743389
0.683879864
0.683013750
0.682142676
0.681270556
0.680393434
0.679513660
0.678630346
0.677744434
0.676853419
0.675961227
0.675063967
0.674163968
0.673260319
0.672353904
0.671442322
0.670529510
0.669612318
0.668690551
0.667766776
0.666838471
0.665907379
0.664972476
0.664032974
0.663091408
0.662144346
0.661195195
0.660242226
0.659284550
0.658324668
0.657361002
0.656392568
0.655420218
0.654444730
0.653465381
0.652482065
0.651494671
0.650504259
0.649509736
0.648510356
0.647507728
0.646501936
0.645491131
0.644476297
0.643458158
0.642435865
0.641409399
0.640379677
0.639344807
0.638305704
0.637263296
0.636216621
0.635165660
0.634111352
0.633052725
0.631988692
0.630920386
0.629848669
0.628773434
0.627692897
0.626608907
0.625520363
0.624427342
0.623329925
0.622227890
0.621122327
0.620011300
0.618896611
0.617777330
0.616653538
0.615526041
0.614392862
0.613256048
0.612114545
0.610968333
0.609817391
0.608661697
0.607502187
0.606336932
0.605167933
0.603994106
0.602817482
0.601633947
0.600445413
0.599253168
0.598055889
0.596853774
0.595646581
0.594434511
0.593219549
0.591998455
0.590772428
0.589541224
0.588304932
0.587064670
0.585819287
0.584568762
0.583311919
0.582051038
0.580787273
0.579515965
0.578240576
0.576958748
0.575673869
0.574382625
0.573087242
0.571786398
0.570480311
0.569167632
0.567851837
0.566529528
0.565202866
0.563870740
0.562533251
0.561188894
0.559841479
0.558487400
0.557129999
0.555764758
0.554393772
0.553019678
0.551638668
0.550254536
0.548862161
0.547464065
0.546062681
0.544653214
0.543240306
0.541820429
0.540397225
0.538965688
0.537530932
0.536087646
0.534640983
0.533187197
0.531730022
0.530264190
0.528795215
0.527320108
0.525836244
0.524350439
0.522855959
0.521356627
0.519852577
0.518339609
0.516823279
0.515299372
0.513772090
0.512237185
0.510696043
0.509148639
0.507597682
0.506036255
0.504472832
0.502901478
0.501323904
0.499739941
0.498150891
0.496556894
0.494953640
0.493345395
0.491732002
0.490112102
0.488482806
0.486849811
0.485211760
0.483565592
0.481911421
0.480253822
0.478589258
0.476918010
0.475241614
0.473556935
0.471863930
0.470167289
0.468463699
0.466753454
0.465036371
0.463313870
0.461583046
0.459846929
0.458103729
0.456352118
0.454594997
0.452831046
0.451061561
0.449285213
0.447501646
0.445711003
0.443913257
0.442108555
0.440298221
0.438479034
0.436654347
0.434822452
0.432983322
0.431138654
0.429284990
0.427425753
0.425559197
0.423685124
0.421803858
0.419916963
0.418022487
0.416120761
0.414209801
0.412292961
0.410368798
0.408438733
0.406499501
0.404556147
0.402603395
0.400643214
0.398675214
0.396699552
0.394716389
0.392729051
0.390732137
0.388727476
0.386715044
0.384694814
0.382670556
0.380634672
0.378592827
0.376543099
0.374487197
0.372421635
0.370350056
0.368270314
0.366182773
0.364087212
0.361985381
0.359873714
0.357753753
0.355629658
0.353495645
0.351353275
0.349204739
0.347046188
0.344879202
0.342708037
0.340524727
0.338337014
0.336138932
0.333932505
0.331721863
0.329498683
0.327271059
0.325033124
0.322788841
0.320533970
0.318272716
0.316002729
0.313726551
0.311437516
0.309143969
0.306839863
0.304531240
0.302209825
0.299883871
0.297545043
0.295201655
0.292847526
0.290488832
0.288119123
0.285740587
0.283353199
0.280957158
0.278554253
0.276144480
0.273721674
0.271291947
0.268855297
0.266407566
0.263953106
0.261489591
0.259016994
0.256535056
0.254046568
0.251544218
0.249039531
0.246523525
