corrn_curve_linear
1.56579700
1.56504221
1.56428639
1.56353160
1.56277578
1.56202105
1.56126626
1.56051153
1.55975674
1.55900196
1.55824827
1.55749354
1.55673984
1.55598506
1.55523137
1.55447767
1.55372398
1.55297029
1.55221764
1.55146394
1.55071134
1.54995765
1.54920609
1.54845344
1.54770084
1.54694818
1.54619553
1.54544397
1.54469137
1.54393981
1.54318825
1.54243669
1.54168513
1.54093357
1.54018305
1.53943149
1.53868102
1.53793055
1.53717899
1.53642847
1.53567800
1.53492857
1.53417805
1.53342758
1.53267815
1.53192872
1.53117930
1.53042877
1.52968044
1.52893101
1.52818158
1.52743324
1.52668382
1.52593543
1.52518709
1.52443875
1.52369036
1.52294203
1.52219364
1.52144530
1.52069910
1.51995071
1.51920341
1.51845611
1.51770778
1.51696157
1.51621428
1.51546807
1.51472078
1.51397452
1.51322831
1.51248211
1.51173585
1.51098965
1.51024344
1.50949828
1.50875202
1.50800691
1.50726174
1.50651658
1.50577037
1.50502624
1.50428113
1.50353597
1.50279080
1.50204673
1.50130370
1.50055853
1.49981446
1.49907039
1.49832626
1.49758323
1.49683915
1.49609612
1.49535314
1.49460956
1.49386653
1.49312404
1.49238051
1.49163857
1.49089609
1.49015415
1.48941111
1.48866917
1.48792718
1.48718469
1.48644329
1.48570185
1.48496100
1.48421955
1.48347761
1.48273671
1.48199586
1.48125550
1.48051460
1.47977370
1.47903334
1.47829304
1.47755318
1.47681337
1.47607356
1.47533266
1.47459340
1.47385359
1.47311427
1.47237556
1.47163624
1.47089752
1.47015875
1.46942004
1.46868127
1.46794304
1.46720427
1.46646556
1.46572733
1.46498966
1.46425143
1.46351376
1.46277608
1.46203895
1.46130122
1.46056408
1.45982799
1.45909086
1.45835422
1.45761764
1.45688100
1.45614442
1.45540778
1.45467169
1.45393565
1.45319956
1.45246346
1.45172792
1.45099292
1.45025787
1.44952232
1.44878678
1.44805178
1.44731678
1.44658282
1.44584782
1.44511331
1.44437886
1.44364435
1.44291094
1.44217649
1.44144253
1.44070856
1.43997466
1.43924174
1.43850832
1.43777491
1.43704259
1.43630918
1.43557631
1.43484344
1.43411107
1.43337874
1.43264588
1.43191405
1.43118167
1.43044990
1.42971862
1.42898624
1.42825551
1.42752373
1.42679190
1.42606117
1.42532989
1.42459860
1.42386842
1.42313713
1.42240744
1.42167615
1.42094651
1.42021627
1.41948663
1.41875589
1.41802674
1.41729650
1.41656735
1.41583770
1.41510910
1.41437940
1.41365080
1.41292110
1.41219304
1.41146389
1.41073584
1.41000669
1.40927918
1.40855106
1.40782246
1.40709495
1.40636684
1.40563933
1.40491231
1.40418425
1.40345723
1.40273076
1.40200320
1.40127672
1.40055025
1.39982274
1.39909681
1.39837034
1.39764387
1.39691789
1.39619196
1.39546659
1.39474011
1.39401468
1.39328930
1.39256441
1.39183849
1.39111360
1.39038871
1.38966383
1.38893845
1.38821411
1.38748977
1.38676543
1.38604163
1.38531729
1.38459295
1.38386916
1.38314537
1.38242206
1.38169882
1.38097551
1.38025227
1.37952896
1.37880626
1.37808247
1.37735972
1.37663751
1.37591475
1.37519260
1.37447039
1.37374873
1.37302652
1.37230486
1.37158314
1.37086148
1.37013981
1.36941870
1.36869704
1.36797587
1.36725530
1.36653413
1.36581356
1.36509293
1.36437237
1.36365174
1.36293221
1.36221213
1.36149206
1.36077198
1.36005245
1.35933292
1.35861284
1.35789331
1.35717487
1.35645589
1.35573685
1.35501787
1.35429888
1.35357985
1.35286245
1.35214346
1.35142552
1.35070708
1.34998859
1.34927174
1.34855379
1.34783590
1.34711796
1.34640110
1.34568370
1.34496631
1.34424995
1.34353309
1.34281570
1.34209988
1.34138303
1.34066667
1.33995091
1.33923455
1.33851824
1.33780243
1.33708662
1.33637086
1.33565559
1.33493978
1.33422506
1.33350979
1.33279398
1.33207980
1.33136454
1.33065031
1.32993559
1.32922141
1.32850669
1.32779246
1.32707884
1.32636461
1.32565098
1.32493675
1.32422362
1.32350999
1.32279685
1.32208427
1.32137058
1.32065799
1.31994486
1.31923227
1.31851968
1.31780764
1.31709554
1.31638241
1.31567091
1.31495832
1.31424677
1.31353577
1.31282318
1.31211218
1.31140117
1.31068913
1.30997867
1.30926767
1.30855617
1.30784572
1.30713575
1.30642426
1.30571435
1.30500438
1.30429447
1.30358401
1.30287410
1.30216469
1.30145532
1.30074486
1.30003599
1.29932657
1.29861776
1.29790888
1.29719892
1.29649065
1.29578178
1.29507345
1.29436513
1.29365735
1.29294848
1.29224015
1.29153237
1.29082454
1.29011731
1.28940953
1.28870224
1.28799501
1.28728772
1.28658104
1.28587320
1.28516652
1.28445978
1.28375304
1.28304635
1.28234016
1.28163396
1.28092777
1.28022158
1.27951593
1.27881028
1.27810463
1.27739893
1.27669329
1.27598819
1.27528358
1.27457902
1.27387387
1.27316877
1.27246416
1.27175961
1.27105500
1.27035039
1.26964633
1.26894232
1.26823880
1.26753474
1.26683123
1.26612716
1.26542365
1.26472013
1.26401766
1.26331469
1.26261117
1.26190815
1.26120518
1.26050325
1.25980083
1.25909780
1.25839538
1.25769400
1.25699152
1.25628959
1.25558766
1.25488628
1.25418489
1.25348302
1.25278213
1.25208074
1.25137936
1.25067907
1.24997818
1.24927679
1.24857705
1.24787616
1.24717532
1.24647552
1.24577523
1.24507598
1.24437563
1.24367534
1.24297609
1.24227629
1.24157759
1.24087779
1.24017908
1.23947983
1.23878113
1.23808187
1.23738372
1.23668496
1.23598680
1.23528809
1.23459042
1.23389172
1.23319405
1.23249589
1.23179823
1.23110007
1.23040295
1.22970637
1.22900816
1.22831159
1.22761392
1.22691735
1.22622132
1.22552365
1.22482763
1.22413051
1.22343442
1.22273894
1.22204237
1.22134629
1.22065081
1.21995473
1.21925925
1.21856371
1.21786872
1.21717324
1.21647825
1.21578326
1.21508773
1.21439329
1.21369884
1.21300440
1.21230996
1.21161497
1.21092108
1.21022718
1.20953378
1.20883988
1.20814544
1.20745204
1.20675869
1.20606528
1.20537243
1.20467908
1.20398568
1.20329282
1.20260002
1.20190771
1.20121485
1.20052254
1.19983023
1.19913847
1.19844615
1.19775434
1.19706257
1.19637081
1.19567954
1.19498723
1.19429601
1.19360474
1.19291352
1.19222225
1.19153158
1.19084140
1.19015068
1.18945995
1.18876977
1.18807959
1.18738892
1.18669924
1.18600906
1.18531888
1.18462925
1.18393961
1.18324998
1.18256035
1.18187176
1.18118267
1.18049353
1.17980445
1.17911585
1.17842677
1.17773817
1.17705013
1.17636159
1.17567354
1.17498495
1.17429690
1.17360995
1.17292190
1.17223385
1.17154635
1.17085934
1.17017184
1.16948489
1.16879739
1.16811093
1.16742398
1.16673702
1.16605111
1.16536410
1.16467769
1.16399178
1.16330531
1.16261945
1.16193403
1.16124762
1.16056171
1.15987689
1.15919097
1.15850615
1.15782078
1.15713536
1.15645053
1.15576571
1.15508138
1.15439656
1.15371229
1.15302741
1.15234313
1.15165935
1.15097453
1.15029129
1.14960696
1.14892372
1.14823945
1.14755670
1.14687297
1.14618974
1.14550699
1.14482376
1.14414107
1.14345783
1.14277569
1.14209245
1.14141025
1.14072860
1.14004591
1.13936376
1.13868157
1.13799997
1.13731832
1.13663612
1.13595501
1.13527396
1.13459231
1.13391121
1.13323065
1.13254900
1.13186844
1.13118788
1.13050732
1.12982621
1.12914615
1.12846614
1.12778607
1.12710551
1.12642604
1.12574652
1.12506700
1.12438754
1.12370747
1.12302801
1.12234903
1.12167006
1.12099109
1.12031157
1.11963314
1.11895417
1.11827574
1.11759786
1.11691943
1.11624150
1.11556307
1.11488464
1.11420676
1.11352888
1.11285149
1.11217411
1.11149677
1.11081938
1.11014254
1.10946521
1.10878837
1.10811152
1.10743468
1.10675839
1.10608160
1.10540525
1.10472896
1.10405266
1.10337691
1.10270062
1.10202487
1.10134906
1.10067332
1.09999811
1.09932340
1.09864815
1.09797295
1.09729769
1.09662249
1.09594778
1.09527307
1.09459841
1.09392425
1.09325008
1.09257537
1.09190121
1.09122705
1.09055288
1.08987981
1.08920614
1.08853252
1.08785891
1.08718633
1.08651271
1.08583959
1.08516597
1.08449394
1.08382087
1.08314774
1.08247522
1.08180319
1.08113061
1.08045858
1.07978655
1.07911451
1.07844248
1.07777100
1.07709897
1.07642748
1.07575654
1.07508506
1.07441357
1.07374258
1.07307164
1.07240119
1.07173025
1.07105981
1.07038887
1.06971842
1.06904852
1.06837758
1.06770823
1.06703778
1.06636843
1.06569798
1.06502918
1.06435928
1.06368992
1.06302057
1.06235176
1.06168186
1.06101355
1.06034419
1.05967593
1.05900762
1.05833826
1.05767050
1.05700169
1.05633392
1.05566615
1.05499734
1.05433012
1.05366181
1.05299459
1.05232736
1.05165910
1.05099237
1.05032515
1.04965793
1.04899126
1.04832458
1.04765736
1.04699068
1.04632450
1.04565837
1.04499115
1.04432551
1.04365933
1.04299375
1.04232702
1.04166193
1.04099635
1.04033071
1.03966562
1.03899944
1.03833489
1.03766980
1.03700471
1.03634017
1.03567562
1.03500999
1.03434599
1.03368139
1.03301740
1.03235340
1.03168935
1.03102535
1.03036130
1.02969785
1.02903325
1.02836980
1.02770684
1.02704334
1.02638038
1.02571693
1.02505397
1.02439156
1.02372860
1.02306613
1.02240323
1.02174076
1.02107835
1.02041648
1.01975407
1.01909215
1.01843029
1.01776842
1.01710760
1.01644568
1.01578436
1.01512298
1.01446167
1.01380029
1.01313947
1.01247815
1.01181732
1.01115753
1.01049676
1.00983642
1.00917565
1.00851537
1.00785504
1.00719585
1.00653557
1.00587584
1.00521605
1.00455632
1.00389707
1.00323789
1.00257810
1.00191891
1.00126022
1.00060103
0.99994233
0.99928419
0.99862549
0.99796625
0.99730810
0.99664995
0.99599180
0.99533366
0.99467605
0.99401791
0.99336085
0.99270270
0.99204505
0.99138799
0.99073039
0.99007273
0.98941622
0.98875911
0.98810255
0.98744549
0.98678948
0.98613242
0.98547641
0.98481984
0.98416328
0.98350726
0.98285125
0.98219578
0.98153921
0.98088429
0.98022827
0.97957335
0.97891837
0.97826235
0.97760798
0.97695245
0.97629753
0.97564260
0.97498817
0.97433374
0.97367882
0.97302493
0.97236995
0.97171612
0.97106224
0.97040781
0.96975447
0.96910113
0.96844670
0.96779336
0.96714057
0.96648668
0.96583384
0.96518105
0.96452716
0.96387492
0.96322207
0.96256982
0.96191643
0.96126419
0.96061243
0.95996013
0.95930734
0.95865559
0.95800383
0.95735213
0.95670093
0.95604863
0.95539742
0.95474621
0.95409501
0.95344380
0.95279309
0.95214188
0.95149067
0.95084001
0.95018935
0.94953918
0.94888852
0.94823836
0.94758824
0.94693807
0.94628845
0.94563834
0.94498872
0.94433910
0.94368953
0.94304045
0.94239029
0.94174121
0.94109214
0.94044361
0.93979453
0.93914600
0.93849742
0.93784889
0.93720036
0.93655183
0.93590325
0.93525527
0.93460729
0.93395925
0.93331127
0.93266323
0.93201574
0.93136885
0.93072136
0.93007387
0.92942638
0.92877944
0.92813255
0.92748506
0.92683916
0.92619221
0.92554582
0.92489887
0.92425248
0.92360663
0.92296072
0.92231433
0.92166848
0.92102312
0.92037727
0.91973136
0.91908551
0.91844070
0.91779534
0.91715004
0.91650523
0.91585987
0.91521506
0.91457079
0.91392598
0.91328068
0.91263690
0.91199215
0.91134783
0.91070411
0.91005984
0.90941662
0.90877235
0.90812809
0.90748491
0.90684114
0.90619846
0.90555474
0.90491206
0.90426835
0.90362512
0.90298299
0.90233981
0.90169713
0.90105445
0.90041232
0.89976964
0.89912751
0.89848537
0.89784379
0.89720220
0.89655952
0.89591842
0.89527629
0.89463525
0.89399312
0.89335257
0.89271148
0.89206989
0.89142934
0.89078885
0.89014720
0.88950720
0.88886616
0.88822561
0.88758561
0.88694506
0.88630506
0.88566506
0.88502561
0.88438506
0.88374560
0.88310615
0.88246615
0.88182669
0.88118773
0.88054882
0.87990936
0.87927040
0.87863149
0.87799308
0.87735466
0.87671520
0.87607679
0.87543843
0.87480056
0.87416269
0.87352482
0.87288591
0.87224804
0.87161066
0.87097284
0.87033547
0.86969814
0.86906082
0.86842404
0.86778672
0.86714989
0.86651202
0.86587524
0.86523896
0.86460218
0.86396590
0.86332912
0.86269283
0.86205710
0.86142087
0.86078458
0.86014884
0.85951310
0.85887742
0.85824168
0.85760649
0.85697075
0.85633660
0.85570141
0.85506622
0.85443102
0.85379638
0.85316113
0.85252649
0.85189184
0.85125769
0.85062304
0.84998944
0.84935534
0.84872119
0.84808703
0.84745293
0.84681933
0.84618627
0.84555266
0.84491905
0.84428550
0.84365293
0.84301987
0.84238632
0.84175321
0.84112124
0.84048818
0.83985567
0.83922261
0.83859113
0.83795862
0.83732605
0.83669463
0.83606261
0.83543010
0.83479917
0.83416715
0.83353518
0.83290425
0.83227278
0.83164130
0.83101043
0.83037895
0.82974857
0.82911764
0.82848617
0.82785628
0.82722535
0.82659552
0.82596459
0.82533475
0.82470432
0.82407503
0.82344465
0.82281530
0.82218492
0.82155558
0.82092574
0.82029695
0.81966706
0.81903826
0.81840897
0.81778017
0.81715083
0.81652203
0.81589324
0.81526499
0.81463674
0.81400794
0.81337969
0.81275199
0.81212319
0.81149543
0.81086718
0.81023948
0.80961227
0.80898402
0.80835681
0.80772965
0.80710189
0.80647528
0.80584807
0.80522141
0.80459425
0.80396758
0.80334092
0.80271480
0.80208759
0.80146147
0.80083535
0.80020923
0.79958257
0.79895700
0.79833137
0.79770580
0.79708023
0.79645411
0.79582848
0.79520346
0.79457838
0.79395335
0.79332827
0.79270325
0.79207872
0.79145314
0.79082861
0.79020408
0.78957954
0.78895556
0.78833102
0.78770704
0.78708305
0.78645907
0.78583508
0.78521164
0.78458820
0.78396421
0.78334126
0.78271782
0.78209438
0.78147144
0.78084800
0.78022510
0.77960215
0.77897975
0.77835686
0.77773446
0.77711156
0.77648916
0.77586731
0.77524545
0.77462360
0.77400120
0.77337940
0.77275754
0.77213618
0.77151432
0.77089356
0.77027225
0.76965095
0.76902958
0.76840827
0.76778697
0.76716670
0.76654593
0.76592517
0.76530436
0.76468463
0.76406387
0.76344360
0.76282339
0.76220366
0.76158394
0.76096367
0.76034449
0.75972477
0.75910450
0.75848483
0.75786615
0.75724697
0.75662725
0.75600862
0.75538944
0.75477130
0.75415213
0.75353295
0.75291536
0.75229618
0.75167859
0.75105996
0.75044128
0.74982368
0.74920560
0.74858801
0.74796987
0.74735283
0.74673474
0.74611770
0.74550011
0.74488306
0.74426547
0.74364897
0.74303138
0.74241488
0.74179784
0.74118128
0.74056479
0.73994829
0.73933228
0.73871578
0.73809978
0.73748328
0.73686782
0.73625187
0.73563586
0.73502040
0.73440445
0.73378899
0.73317408
0.73255812
0.73194321
0.73132830
0.73071284
0.73009847
0.72948356
0.72886914
0.72825422
0.72763986
0.72702549
0.72641058
0.72579670
0.72518288
0.72456901
0.72395519
0.72334082
0.72272749
0.72211367
0.72150035
0.72088702
0.72027320
0.71965987
0.71904709
0.71843431
0.71782152
0.71720874
0.71659547
0.71598269
0.71537040
0.71475767
0.71414538
0.71353369
0.71292146
0.71230922
0.71169748
0.71108579
0.71047405
0.70986236
0.70925067
0.70863948
0.70802779
0.70741659
0.70680540
0.70619425
0.70558360
0.70497241
0.70436176
0.70375111
0.70314046
0.70252986
0.70191970
0.70130911
0.70069895
0.70008885
0.69947875
0.69886864
0.69825854
0.69764947
0.69703992
0.69643036
0.69582075
0.69521119
0.69460218
0.69399367
0.69338460
0.69277559
0.69216653
0.69155746
0.69094949
0.69034103
0.68973196
0.68912344
0.68851493
0.68790750
0.68729953
0.68669101
0.68608359
0.68547561
0.68486819
0.68426022
0.68365328
0.68304531
0.68243789
0.68183150
0.68122408
0.68061660
0.68001027
0.67940333
0.67879695
0.67819007
0.67758313
0.67697730
0.67637096
0.67576512
0.67515874
0.67455235
0.67394651
0.67334067
0.67273538
0.67212899
0.67152424
0.67091840
0.67031311
0.66970776
0.66910302
0.66849718
0.66789292
0.66728763
0.66668288
0.66607808
0.66547383
0.66486853
0.66426483
0.66366063
0.66305582
0.66245212
0.66184786
0.66124421
0.66064050
0.66003625
0.65943308
0.65882883
0.65822567
0.65762251
0.65701880
0.65641613
0.65581351
0.65521035
0.65460719
0.65400452
0.65340191
0.65279929
0.65219662
0.65159455
0.65099243
0.65038981
0.64978769
0.64918612
0.64858399
0.64798192
0.64738035
0.64677877
0.64617719
0.64557616
0.64497459
0.64437301
0.64377198
0.64317095
0.64256992
0.64196944
0.64136896
0.64076787
0.64016684
0.63956636
0.63896637
0.63836588
0.63776595
0.63716596
0.63656596
0.63596603
0.63536604
0.63476659
0.63416666
0.63356721
0.63296777
0.63236838
0.63176948
0.63117003
0.63057113
0.62997224
0.62937334
0.62877444
0.62817554
0.62757714
0.62697824
0.62637989
0.62578153
0.62518422
0.62458587
0.62398746
0.62338966
0.62279180
0.62219399
0.62159614
0.62099833
0.62040156
0.61980425
0.61920699
0.61860968
0.61801237
0.61741560
0.61681883
0.61622207
0.61562475
0.61502799
0.61443231
0.61383555
0.61323933
0.61264256
0.61204683
0.61145061
0.61085494
0.61025921
0.60966354
0.60906732
0.60847214
0.60787646
0.60728128
0.60668610
0.60609098
0.60549525
0.60490061
0.60430549
0.60371134
0.60311622
0.60252104
0.60192695
0.60133231
0.60073877
0.60014414
0.59954950
0.59895591
0.59836133
0.59776773
0.59717364
0.59658059
0.59598650
0.59539351
0.59479942
0.59420637
0.59361283
0.59302033
0.59242673
0.59183428
0.59124178
0.59064818
0.59005623
0.58946323
0.58887073
0.58827877
0.58768572
0.58709377
0.58650126
0.58590985
0.58531790
0.58472594
0.58413398
0.58354307
0.58295056
0.58235970
0.58176823
0.58117682
0.58058541
0.57999450
0.57940413
0.57881272
0.57822185
0.57763148
0.57704111
0.57644970
0.57585933
0.57526950
0.57467913
0.57408827
0.57349855
0.57290873
0.57231890
0.57172963
0.57113980
0.57054943
0.56996015
0.56937082
0.56878154
0.56819226
0.56760348
0.56701420
0.56642547
0.56583668
0.56524740
0.56465862
0.56406988
0.56348164
0.56289346
0.56230522
0.56171698
0.56112874
0.56054056
0.55995286
0.55936462
0.55877693
0.55818924
0.55760154
0.55701440
0.55642670
0.55583956
0.55525241
0.55466521
0.55407806
0.55349146
0.55290481
0.55231821
0.55173106
0.55114441
0.55055781
0.54997170
0.54938510
0.54879954
0.54821343
0.54762738
0.54704127
0.54645516
0.54586911
0.54528409
0.54469853
0.54411297
0.54352741
0.54294185
0.54235738
0.54177182
0.54118681
0.54060179
0.54001727
0.53943225
0.53884778
0.53826326
0.53767879
0.53709433
0.53651035
0.53592588
0.53534136
0.53475793
0.53417401
0.53359003
0.53300660
0.53242268
0.53183870
0.53125582
0.53067190
0.53008902
0.52950559
0.52892216
0.52833982
0.52775639
0.52717400
0.52659112
0.52600878
0.52542590
0.52484356
0.52426117
0.52367938
0.52309650
0.52251465
0.52193232
0.52135102
0.52076868
0.52018738
0.51960505
0.51902375
0.51844196
0.51786121
0.51727991
0.51669861
0.51611731
0.51553607
0.51495532
0.51437506
0.51379382
0.51321306
0.51263281
0.51205205
0.51147185
0.51089164
0.51031144
0.50973118
0.50915152
0.50857077
0.50799160
0.50741195
