-1126.8135
-1124.7822
-1122.751
-1120.7217
-1118.6924
-1116.6631
-1114.6357
-1112.6064
-1110.5791
-1108.5518
-1106.5244
-1104.499
-1102.4717
-1100.4463
-1098.4209
-1096.3975
-1094.3721
-1092.3486
-1090.3252
-1088.3018
-1086.2783
-1084.2568
-1082.2354
-1080.2139
-1078.1924
-1076.1729
-1074.1514
-1072.1318
-1070.1123
-1068.0947
-1066.0752
-1064.0576
-1062.04
-1060.0225
-1058.0049
-1055.9893
-1053.9736
-1051.958
-1049.9424
-1047.9268
-1045.9131
-1043.8994
-1041.8857
-1039.874
-1037.8604
-1035.8486
-1033.8369
-1031.8252
-1029.8135
-1027.8037
-1025.7939
-1023.7842
-1021.7745
-1019.7667
-1017.7569
-1015.7491
-1013.7432
-1011.7335
-1009.7276
-1007.7217
-1005.7159
-1003.71
-1001.7061
-999.70026
-997.69635
-995.69244
-993.68854
-991.68658
-989.68268
-987.68073
-985.68073
-983.67877
-981.67682
-979.67682
-977.67682
-975.67682
-973.67682
-971.67877
-969.68073
-967.68268
-965.68463
-963.68854
-961.69049
-959.6944
-957.6983
-955.70416
-953.70807
-951.71393
-949.71979
-947.72565
-945.73151
-943.73737
-941.74518
-939.75299
-937.76276
-935.77057
-933.78033
-931.78815
-929.79791
-927.80768
-925.8194
-923.83112
-921.84283
-919.85455
-917.86627
-915.87994
-913.89166
-911.90533
-909.91901
-907.93463
-905.9483
-903.96393
-901.97955
-899.99518
-898.0108
-896.02838
-894.04596
-892.06354
-890.08112
-888.10065
-886.11823
-884.13776
-882.15729
-880.17682
-878.1983
-876.21979
-874.24127
-872.26276
-870.28424
-868.30768
-866.32916
-864.3526
-862.37604
-860.40143
-858.42487
-856.45026
-854.47565
-852.50299
-850.52838
-848.55573
-846.58112
-844.61041
-842.63776
-840.6651
-838.6944
-836.72369
-834.75299
-832.78229
-830.81354
-828.84479
-826.87408
-824.90533
-822.93854
-820.96979
-819.00299
-817.03619
-815.0694
-813.10455
-811.13776
-809.17291
-807.20807
-805.24323
-803.28033
-801.31744
-799.3526
-797.38971
-795.42682
-793.46588
-791.50299
-789.54205
-787.58112
-785.62213
-783.66119
-781.70221
-779.74323
-777.78424
-775.82526
-773.86823
-771.90924
-769.95221
-767.99713
-766.0401
-764.08307
-762.12799
-760.17291
-758.21783
-756.26471
-754.30963
-752.35651
-750.40338
-748.45026
-746.49908
-744.54596
-742.59479
-740.64166
-738.69244
-736.74127
-734.79401
-732.84479
-730.89557
-728.94635
-726.99713
-725.04987
-723.10065
-721.15338
-719.20807
-717.2608
-715.31549
-713.36823
-711.42291
-709.48151
-707.53619
-705.59283
-703.64752
-701.70416
-699.76276
-697.8194
-695.87604
-693.93658
-691.99518
-690.05377
-688.11432
-686.17291
-684.23346
-682.29596
-680.35651
-678.41901
-676.47955
-674.54205
-672.60455
-670.66901
-668.73346
-666.79596
-664.86041
-662.92682
-660.99127
-659.05573
-657.12213
-655.18854
-653.2569
-651.3233
-649.38971
-647.45807
-645.52643
-643.59479
-641.66315
-639.73541
-637.80377
-635.87408
-633.9444
-632.01666
-630.08698
-628.15924
-626.23346
-624.30377
-622.37799
-620.45221
-618.52448
-616.59869
-614.67487
-612.74908
-610.8233
-608.90143
-606.97565
-605.05377
-603.12994
-601.20807
-599.28619
-597.36432
-595.44244
-593.52252
-591.60065
-589.68073
-587.7608
-585.84283
-583.92291
-582.00299
-580.08698
-578.16705
-576.25104
-574.33307
-572.41705
-570.50104
-568.58502
-566.66901
-564.75494
-562.83893
-560.92291
-559.0108
-557.09674
-555.18463
-553.27057
-551.35846
-549.4483
-547.53424
-545.62408
-543.71198
-541.80377
-539.89166
-537.98346
-536.0733
-534.1651
-532.25494
-530.34869
-528.44244
-526.53229
-524.62604
-522.71979
-520.81354
-518.90924
-517.00299
-515.09869
-513.19244
-511.28815
-509.3858
-507.48151
-505.57916
-503.67682
-501.77252
-499.87213
-497.97174
-496.06744
-494.16901
-492.26862
-490.36627
-488.46783
-486.5694
-484.66901
-482.77252
-480.87408
-478.97565
-477.07916
-475.18268
-473.28619
-471.38776
-469.49323
-467.59869
-465.70416
-463.80768
-461.9151
-460.02057
-458.12799
-456.23346
-454.34088
-452.45026
-450.55768
-448.66705
-446.77448
-444.88385
-442.99323
-441.10455
-439.21588
-437.32526
-435.43463
-433.54791
-431.65924
-429.77252
-427.8858
-425.99908
-424.11237
-422.22369
-420.33893
-418.45416
-416.5694
-414.68463
-412.79987
-410.91705
-409.03424
-407.15143
-405.26862
-403.38385
-401.50299
-399.62018
-397.73932
-395.85846
-393.97955
-392.09869
-390.21979
-388.34088
-386.46198
-384.58307
-382.70416
-380.82721
-378.95026
-377.0733
-375.19635
-373.3194
-371.4444
-369.5694
-367.69244
-365.8194
-363.9444
-362.0694
-360.19635
-358.3233
-356.45026
-354.57916
-352.70807
-350.83502
-348.96393
-347.09283
-345.22174
-343.3526
-341.48151
-339.61237
-337.74323
-335.87604
-334.0069
-332.13971
-330.27252
-328.40338
-326.53619
-324.67096
-322.80573
-320.94049
-319.07526
-317.21002
-315.34479
-313.48151
-311.61823
-309.75299
-307.88971
-306.02643
-304.16705
-302.30377
-300.44244
-298.58112
-296.72174
-294.86041
-293.00104
-291.13971
-289.28229
-287.42291
-285.56354
-283.70612
-281.84869
-279.99127
-278.13385
-276.27838
-274.42096
-272.56549
-270.71002
-268.85455
-266.99908
-265.14557
-263.29205
-261.43658
-259.58502
-257.73151
-255.87799
-254.02838
-252.17487
-250.32526
-248.47369
-246.62213
-244.77252
-242.92096
-241.0733
-239.22369
-237.37408
-235.52643
-233.67682
-231.83112
-229.98346
-228.13776
-226.2901
-224.4444
-222.59869
-220.75299
-218.90729
-217.06354
-215.21783
-213.37604
-211.53033
-209.68854
-207.84479
-206.00299
-204.15924
-202.3194
-200.47565
-198.6358
-196.79401
-194.95612
-193.11432
-191.27643
-189.43658
-187.59674
-185.7608
-183.92096
-182.08307
-180.24713
-178.40924
-176.5733
-174.73737
-172.90143
-171.06549
-169.22955
-167.39557
-165.56158
-163.72565
-161.89362
-160.06158
-158.2276
-156.39557
-154.56354
-152.73151
-150.89948
-149.0694
-147.23932
-145.40729
-143.57721
-141.74908
-139.92096
-138.08893
-136.2608
-134.43463
-132.60651
-130.77838
-128.95221
-127.12604
-125.29987
-123.47369
-121.64752
-119.82135
-117.99713
-116.17291
-114.34869
-112.52448
-110.70026
-108.87799
-107.05573
-105.23346
-103.41315
-101.59088
-99.768616
-97.948303
-96.127991
-94.307678
-92.487366
-90.669006
-88.850647
-87.032288
-85.213928
-83.395569
-81.577209
-79.75885
-77.942444
-76.126038
-74.309631
-72.495178
-70.678772
-68.864319
-67.049866
-65.235413
-63.420959
-61.608459
-59.795959
-57.981506
-56.169006
-54.358459
-52.545959
-50.733459
-48.922913
-47.112366
-45.301819
-43.491272
-41.684631
-39.876038
-38.065491
-36.256897
-34.448303
-32.641663
-30.833067
-29.026426
-27.219786
-25.413145
-23.608458
-21.80377
-19.997129
-18.192442
-16.387754
-14.583067
-12.780333
-10.977598
-9.1729107
-7.3701763
-5.5674419
-3.7647076
-1.9658796
-0.16314514
1.6376361
3.4384174
5.2372456
7.0380268
8.8388081
10.637636
12.434511
14.233339
16.032167
17.830996
19.625917
21.424746
23.221621
25.018496
26.813417
28.608339
30.405214
32.198181
33.993103
35.788025
37.580994
39.373962
41.168884
42.9599
44.752869
46.543884
48.336853
50.127869
51.916931
53.7099
55.498962
57.288025
59.079041
60.868103
62.657166
64.444275
66.233337
68.020447
69.807556
71.594666
73.381775
75.168884
76.954041
78.74115
80.524353
82.309509
84.094666
85.879822
87.661072
89.444275
91.229431
93.010681
94.793884
96.575134
98.358337
100.13763
101.92084
103.70013
105.47943
107.26068
109.03998
110.82123
112.59857
114.37592
116.15521
117.93256
119.7099
121.48724
123.26459
125.03998
126.81732
128.59271
130.36615
132.14349
133.91693
135.69037
137.46576
139.2392
141.01263
142.78607
144.55756
146.32904
148.10052
149.87396
151.64545
153.41498
155.18451
156.95404
158.72552
160.49506
162.26263
164.03217
165.79974
167.56927
169.33685
171.10443
172.87006
174.63568
176.40326
178.17084
179.93451
181.70013
183.46576
185.22943
186.9931
188.75677
190.52045
192.28412
194.04779
195.80951
197.57123
199.33295
201.09467
202.85443
204.61615
206.37592
208.13568
209.89545
211.65521
213.41302
215.17279
216.9306
218.68842
220.44623
222.20404
223.9599
225.71576
227.47357
229.22943
230.98529
232.7392
234.49506
236.24896
238.00287
239.75482
241.50873
243.26263
245.01459
246.76849
248.52045
250.2724
252.02435
253.7724
255.52435
257.27435
259.02435
260.77435
262.52435
264.27045
266.02045
267.76849
269.51654
271.26459
273.01068
274.75873
276.50482
278.25092
279.99506
281.74115
283.48724
285.23334
286.97552
288.71967
290.46381
292.20599
293.95013
295.69427
297.43646
299.1767
300.91888
302.66107
304.40131
306.14349
307.88373
309.62201
311.36224
313.10052
314.84076
316.57904
318.31732
320.0556
321.79193
323.53021
325.26849
327.00287
328.74115
330.47552
332.21185
333.94623
335.6806
337.41498
339.14935
340.88373
342.6181
344.34857
346.08295
347.81537
349.54779
351.27826
353.01068
354.74115
356.47357
358.20209
359.93451
361.66302
363.39154
365.12201
366.85052
368.57904
370.30756
372.03412
373.76263
375.4892
377.21381
378.94232
380.66693
382.39349
384.12006
385.84271
387.56732
389.29388
391.01654
392.7392
394.46381
396.18646
397.90912
399.63373
401.35443
403.07513
404.79584
406.51849
408.2392
409.95795
411.67865
413.3974
415.1181
416.83685
418.5556
420.2724
421.99115
423.7099
425.4267
427.14349
428.86029
430.57513
432.29193
434.00677
435.72357
437.43842
439.15326
440.86615
442.58099
444.29388
446.00677
447.71967
449.43256
451.14349
452.85638
454.56732
456.27826
457.9892
459.70013
461.41107
463.12006
464.82904
466.53802
468.24701
469.95599
471.66498
473.37201
475.08099
476.78802
478.49506
480.20209
481.90717
483.6142
485.31927
487.02435
488.72943
490.43451
492.13763
493.84076
495.54584
497.24896
498.95209
500.65521
502.35834
504.05756
505.75873
507.46185
509.16302
510.8642
512.56146
514.26263
515.96185
517.66302
519.36224
521.05951
522.75677
524.45599
526.15326
527.85052
529.54779
531.24506
532.93842
534.63568
536.33295
538.02631
539.72162
541.41693
543.11029
544.8056
546.49896
548.19037
549.88568
551.57904
553.26849
554.96185
556.65326
558.34467
560.03607
561.72552
563.41693
565.10638
566.79584
568.48529
570.17474
571.8642
573.5517
575.24115
576.9267
578.61615
580.3017
581.9892
583.67474
585.36224
587.04779
588.73138
590.41693
592.10248
593.78802
595.46967
597.15521
598.83881
600.52045
602.20404
603.88568
605.56927
607.25092
608.9306
610.6142
612.29388
613.97357
615.65521
617.3349
619.01263
620.69427
622.37201
624.04974
625.72943
627.40717
629.0849
630.76068
632.44037
634.11615
635.79193
637.46771
639.14349
640.81927
642.4931
644.16888
645.84467
647.51849
649.19037
650.8642
652.53607
654.2099
655.88373
657.5556
659.22552
660.8974
662.56927
664.2392
665.90912
667.57904
669.24896
670.92084
672.58881
674.25873
675.9267
677.59467
679.26263
680.92865
682.59662
684.26263
685.9306
687.59662
689.26263
690.92865
692.59271
694.25873
695.92279
697.58685
699.25092
700.91498
702.57904
704.24115
705.90521
707.56537
709.22748
710.88959
712.5517
714.21185
715.87396
717.53412
719.19427
720.85443
722.51263
724.17279
725.83099
727.49115
729.14935
730.8056
732.46381
734.12201
735.77826
737.43646
739.09076
740.74701
742.40326
744.05951
745.71185
747.3681
749.0224
750.6767
752.32904
753.98334
755.63763
757.28998
758.94232
760.59467
762.24506
763.8974
765.54974
767.20013
768.85052
770.49896
772.15131
773.8017
775.44818
777.09857
778.74701
780.39545
782.04388
783.69037
785.33881
786.98529
788.63373
790.27826
791.9267
793.57123
795.21771
796.86029
798.50677
800.15131
801.79584
803.43842
805.08295
806.72552
808.3681
810.01263
811.65326
813.29584
814.93842
816.57904
818.21967
819.86029
821.50287
823.14154
824.78021
826.42084
828.05951
829.69818
831.33881
832.97552
834.6142
836.25287
837.88959
839.52631
841.16107
842.79974
844.43451
846.06927
847.70599
849.34076
850.97552
852.61029
854.2431
855.87787
857.51263
859.14545
860.77826
862.40912
864.04193
865.67474
867.30756
868.93842
870.56927
872.20013
873.82904
875.4599
877.08881
878.71771
880.34662
881.97748
883.60638
885.23529
886.86224
888.4892
890.11615
891.7431
893.37006
894.99701
896.62201
898.24896
899.87396
901.49896
903.12396
904.74896
906.37201
907.99701
909.6181
911.24115
912.8642
914.48724
916.11029
917.73334
919.35443
920.97552
922.59662
924.21576
925.83685
927.45795
929.07709
930.69818
932.31732
933.93451
935.55365
937.17279
938.78998
940.40912
942.02435
943.64154
945.25873
946.87592
948.49115
950.10638
951.72357
953.33685
954.95209
956.56732
958.1806
959.79584
961.40912
963.02045
964.63568
966.24896
967.86029
969.47162
971.0849
972.69623
974.30756
975.91693
977.52826
979.13959
980.74896
982.35834
983.96771
985.57709
987.18451
988.79388
990.40131
992.01068
993.61615
995.22357
996.83099
998.43842
1000.0439
1001.6513
1003.2548
1004.8622
1006.4658
1008.0693
1009.6747
1011.2783
1012.8837
1014.4872
1016.0888
1017.6923
1019.2939
1020.8954
1022.499
1024.1006
1025.7021
1027.3037
1028.9033
1030.5029
1032.1045
1033.7041
1035.3037
1036.9033
1038.5029
1040.1006
1041.6982
1043.2979
1044.8955
1046.4932
1048.0889
1049.6846
1051.2842
1052.8799
1054.4756
1056.0693
1057.665
1059.2607
1060.8545
1062.4502
1064.0439
1065.6377
1067.2314
1068.8232
1070.417
1072.0088
1073.6006
1075.1924
1076.7842
1078.376
1079.9658
1081.5596
1083.1494
1084.7393
1086.3291
1087.9189
1089.5088
1091.0947
1092.6846
1094.2725
1095.8604
1097.4482
1099.0361
1100.624
1102.21
1103.7979
1105.3838
1106.9697
1108.5557
1110.1396
1111.7236
1113.3096
1114.8936
1116.4775
1118.0615
1119.6455
1121.2275
1122.8115
1124.3936
1125.9775
1127.5576
1129.1396
1130.7217
1132.3037
1133.8818
1135.4639
1137.0439
1138.624
1140.2021
1141.7822
1143.3623
1144.9404
1146.5186
1148.0967
1149.6748
1151.2529
1152.8311
1154.4053
1155.9834
1157.5596
1159.1357
1160.7119
1162.2861
1163.8623
1165.4365
1167.0107
1168.5869
1170.1592
1171.7334
1173.3057
1174.8799
1176.4521
1178.0244
1179.5967
1181.1689
1182.7393
1184.3096
1185.8818
1187.4521
1189.0244
1190.5928
1192.1631
1193.7314
1195.2998
1196.8701
1198.4385
1200.0088
1201.5752
1203.1416
1204.7119
1206.2783
1207.8428
1209.4111
1210.9775
1212.542
1214.1084
1215.6748
1217.2393
1218.8037
1220.3682
1221.9326
1223.4951
1225.0596
1226.6221
1228.1865
1229.749
1231.3115
1232.8721
1234.4346
1235.9971
1237.5576
1239.1182
1240.6787
1242.2393
1243.7979
1245.3584
1246.917
1248.4775
1250.0361
1251.5947
1253.1533
1254.7119
1256.2686
1257.8252
1259.3838
1260.9404
1262.4971
1264.0518
1265.6084
1267.165
1268.7197
1270.2744
1271.8291
1273.3838
1274.9385
1276.4912
1278.0459
1279.5967
1281.1514
1282.7041
1284.2568
1285.8076
1287.3604
1288.9131
1290.4639
1292.0127
1293.5635
1295.1143
1296.665
1298.2158
1299.7627
1301.3135
1302.8623
1304.4111
1305.958
1307.5068
1309.0537
1310.6025
1312.1475
1313.6963
1315.2432
1316.7881
1318.335
1319.8799
1321.4248
1322.9697
1324.5166
1326.0596
1327.6045
1329.1494
1330.6924
1332.2354
1333.7783
1335.3213
1336.8643
1338.4053
1339.9482
1341.4893
1343.0303
1344.5713
1346.1123
1347.6533
1349.1943
1350.7334
1352.2725
1353.8115
1355.3506
1356.8896
1358.4287
1359.9658
1361.5029
1363.042
1364.5791
1366.1162
1367.6533
1369.1885
1370.7256
1372.2607
1373.7959
1375.333
1376.8662
1378.4014
1379.9365
1381.4697
1383.0029
1384.5381
1386.0713
1387.6025
1389.1357
1390.6689
1392.2002
1393.7314
1395.2627
1396.7959
1398.3271
1399.8564
1401.3877
1402.917
1404.4463
1405.9775
1407.5068
1409.0342
1410.5635
1412.0908
1413.6201
1415.1475
1416.6748
1418.2021
1419.7295
1421.2568
1422.7842
1424.3096
1425.835
1427.3604
1428.8857
1430.4111
1431.9346
1433.46
1434.9834
1436.5068
1438.0303
1439.5537
1441.0752
1442.5986
1444.1221
1445.6436
1447.165
1448.6865
1450.208
1451.7295
1453.249
1454.7705
1456.29
1457.8096
1459.3311
1460.8506
1462.3682
1463.8857
1465.4053
1466.9229
1468.4404
1469.958
1471.4756
1472.9932
1474.5088
1476.0264
1477.542
1479.0596
1480.5732
1482.0889
1483.6045
1485.1182
1486.6338
1488.1455
1489.6611
1491.1748
1492.6865
1494.2002
1495.7139
1497.2256
1498.7393
1500.249
1501.7627
1503.2725
1504.7842
1506.2939
1507.8057
1509.3154
1510.8252
1512.335
1513.8447
1515.3525
1516.8623
1518.3701
1519.8799
1521.3877
1522.8936
1524.4014
1525.9092
1527.417
1528.9229
1530.4287
1531.9346
1533.4404
1534.9443
1536.4521
1537.9561
1539.46
1540.9658
1542.4697
1543.9717
1545.4756
1546.9795
1548.4814
1549.9854
1551.4873
1552.9893
1554.4912
1555.9932
1557.4932
1558.9932
1560.4951
1561.9971
1563.4951
1564.9951
1566.4951
1567.9932
1569.4932
1570.9932
1572.4912
1573.9893
1575.4873
1576.9854
1578.4814
1579.9795
1581.4756
1582.9717
1584.4678
1585.9639
1587.46
1588.9561
1590.4502
1591.9443
1593.4404
1594.9346
1596.4287
1597.9229
1599.415
1600.9072
1602.4014
1603.8936
1605.3857
1606.8779
1608.3701
1609.8623
1611.3525
1612.8428
1614.333
1615.8252
1617.3154
1618.8057
1620.2939
1621.7842
1623.2725
1624.7627
1626.249
1627.7373
1629.2256
1630.7119
1632.2002
1633.6885
1635.1748
1636.6611
1638.1475
1639.6318
1641.1182
1642.6045
1644.0889
1645.5752
1647.0596
1648.5439
1650.0283
1651.5107
