# intensity_corr
1.1657485
1.1646417
1.1646045
1.1656519
1.1600568
1.1606466
1.1558636
1.1544076
1.1550625
1.1575401
1.1540251
1.1501610
1.1484896
1.1451066
1.1443598
1.1421920
1.1368323
1.1404799
1.1359177
1.1350583
1.1396028
1.1387699
1.1374932
1.1366494
1.1332307
1.1321020
1.1350992
1.1332802
1.1304598
1.1324320
1.1346881
1.1287309
1.1314269
1.1317217
1.1295990
1.1257474
1.1248698
1.1283816
1.1246897
1.1240401
1.1227854
1.1214396
1.1200034
1.1218056
1.1192304
1.1178192
1.1189657
1.1127912
1.1133043
1.1118831
1.1077111
1.1059239
1.1066029
1.1035651
1.1041810
1.1018925
1.0997672
1.1033044
1.1007349
1.0966560
1.0999115
1.0994180
1.1008171
1.0960402
1.1030906
1.0992025
1.1015229
1.1033336
1.1068125
1.1058699
1.1108337
1.1071593
1.1063401
1.1101498
1.1099992
1.1090841
1.1076225
1.1083890
1.1081186
1.1088852
1.1135441
1.1160564
1.1118612
1.1112676
1.1167231
1.1141690
1.1130371
1.1135607
1.1119732
1.1136434
1.1105491
1.1079898
1.1110762
1.1041137
1.1084468
1.1011526
1.1058662
1.1024269
1.0987152
1.1009111
1.0992277
1.0970639
1.0967815
1.0945723
1.0949685
1.0954819
1.0982798
1.0921437
1.0933570
1.0986871
1.0956710
1.1006922
1.0955390
1.0975782
1.1000657
1.1041787
1.1073920
1.1068646
1.1036345
1.1052929
1.1057502
1.1050783
1.1058023
1.1064524
1.1080400
1.1063112
1.1062040
1.1030524
1.1012421
1.1022698
1.0994402
1.0993678
1.0993397
1.1002754
1.0981323
1.1001896
1.0985144
1.1002060
1.1009372
1.0955637
1.0982473
1.0956437
1.0925674
1.0953926
1.0967391
1.0961655
1.0934942
1.0892850
1.0910167
1.0928384
1.0875778
1.0874312
1.0873269
1.0872377
1.0926295
1.0917956
1.0871538
1.0881520
1.0922460
1.0908471
1.0868142
1.0921846
1.0957124
1.0952619
1.0950839
1.0980364
1.0971119
1.0981343
1.0961685
1.0994796
1.0969819
1.0991042
1.0984240
1.0942167
1.0915813
1.0919582
1.0923212
1.0969912
1.0881005
1.0894567
1.0908146
1.0910928
1.0876618
1.0858510
1.0856705
1.0895010
1.0866567
1.0786460
1.0843433
1.0819869
1.0836286
1.0822259
1.0794324
1.0789174
1.0799471
1.0815112
1.0796687
1.0803964
1.0754248
1.0850668
1.0791833
1.0779928
1.0793438
1.0799621
1.0800763
1.0775299
1.0785257
1.0784777
1.0783764
1.0803900
1.0835272
1.0817330
1.0806243
1.0827512
1.0830152
1.0799389
1.0836655
1.0839435
1.0830910
1.0834093
1.0824105
1.0820099
1.0877479
1.0843565
1.0875777
1.0854008
1.0835325
1.0875640
1.0869552
1.0835797
1.0833021
1.0877328
1.0877110
1.0882473
1.0862944
1.0835812
1.0801601
1.0898617
1.0811302
1.0857442
1.0840509
1.0857993
1.0859820
1.0851121
1.0851739
1.0856131
1.0860380
1.0849150
1.0881057
1.0898457
1.0899194
1.0931333
1.0909627
1.0952984
1.0899593
1.0929222
1.0923570
1.0964910
1.0937819
1.0997325
1.0931410
1.0966038
1.0992063
1.1000056
1.0990764
1.1026367
1.1053163
1.1077704
1.1086179
1.1085621
1.1060393
1.1084925
1.1119863
1.1124038
1.1138976
1.1169402
1.1169652
1.1127606
1.1181399
1.1219622
1.1206841
1.1223056
1.1197015
1.1261000
1.1271051
1.1237996
1.1256960
1.1280393
1.1269772
1.1267715
1.1250190
1.1281244
1.1256318
1.1247057
1.1246731
1.1209223
1.1230138
1.1267797
1.1233300
1.1210094
1.1195946
1.1189649
1.1185321
1.1160165
1.1151168
1.1175430
1.1132846
1.1123376
1.1123951
1.1074217
1.1088708
1.1055591
1.1031467
1.1022115
1.0999911
1.1018243
1.0978857
1.1004469
1.0995609
1.0942151
1.0925906
1.0892691
1.0907508
1.0942252
1.0911601
1.0900605
1.0863599
1.0815418
1.0866526
1.0808208
1.0825501
1.0812188
1.0814434
1.0804627
1.0805215
1.0774146
1.0765842
1.0785260
1.0796821
1.0789121
1.0734618
1.0766561
1.0713228
1.0757904
1.0757118
1.0732786
1.0700337
1.0706341
1.0710218
1.0732755
1.0694391
1.0665611
1.0647736
1.0660857
1.0663355
1.0645022
1.0626643
1.0646455
1.0648465
1.0639299
1.0607441
1.0565148
1.0607933
1.0568456
1.0546604
1.0591619
1.0559189
1.0580031
1.0554681
1.0534145
1.0531865
1.0564473
1.0558683
1.0498496
1.0524074
1.0491991
1.0568082
1.0534790
1.0531209
1.0542176
1.0531089
1.0543600
1.0512214
1.0515897
1.0514605
1.0525285
1.0504584
1.0550610
1.0561929
1.0508185
1.0588686
1.0596581
1.0585191
1.0576458
1.0572635
1.0588982
1.0605241
1.0579412
1.0621757
1.0603160
1.0578812
1.0627815
1.0618678
1.0600135
1.0601320
1.0609191
1.0595944
1.0631772
1.0599036
1.0600105
1.0607490
1.0599874
1.0605104
1.0573451
1.0554834
1.0554977
1.0543490
1.0543877
1.0515141
1.0505637
1.0526088
1.0450588
1.0467484
1.0478630
1.0439466
1.0440355
1.0449386
1.0462215
1.0428504
1.0462032
1.0446642
1.0447987
1.0448650
1.0449316
1.0445749
1.0442760
1.0421909
1.0427471
1.0473688
1.0429160
1.0482003
1.0444494
1.0485614
1.0496259
1.0515434
1.0543227
1.0506153
1.0541734
1.0515046
1.0551354
1.0561952
1.0521835
1.0569027
1.0562944
1.0552600
1.0531688
1.0531310
1.0570485
1.0577149
1.0498014
1.0517988
1.0506080
1.0476926
1.0481574
1.0489286
1.0450803
1.0474759
1.0446993
1.0383930
1.0400445
1.0383571
1.0368544
1.0374126
1.0353191
1.0405418
1.0379155
1.0422654
1.0395103
1.0403913
1.0343907
1.0353639
1.0325768
1.0353442
1.0364175
1.0314126
1.0317810
1.0313222
1.0289444
1.0260428
1.0255386
1.0253355
1.0260884
1.0235830
1.0253290
1.0220633
1.0272097
1.0226660
1.0217864
1.0168233
1.0155069
1.0169087
1.0143058
1.0147313
1.0134651
1.0180568
1.0167614
1.0145518
1.0146217
1.0172104
1.0116352
1.0148119
1.0128136
1.0132059
1.0110731
1.0131516
1.0138132
1.0148808
1.0115558
1.0121847
1.0106586
1.0110704
1.0129881
1.0130289
1.0141754
1.0129556
1.0150318
1.0157554
1.0161375
1.0157840
1.0150999
1.0151299
1.0165044
1.0140453
1.0139733
1.0145398
1.0186333
1.0134291
1.0154043
1.0129382
1.0138002
1.0135443
1.0130124
1.0132797
1.0099861
1.0101618
1.0076407
1.0050938
1.0089736
1.0072992
1.0062150
1.0019724
1.0058229
1.0004732
1.0024016
1.0023289
1.0039819
1.0001866
1.0034660
1.0019596
0.9985110
1.0040546
0.9987565
1.0015933
0.9984693
1.0004220
nan
nan
nan
nan
nan
nan
nan
nan
nan
nan
nan
nan
nan
nan
nan
nan
nan
nan
nan
nan
nan
nan
nan
nan
nan
nan
nan
nan
nan
nan
nan
nan
nan
nan
nan
nan
nan
nan
1.0195500
1.0173497
1.0165120
1.0123678
1.0100165
1.0101534
1.0108539
1.0112278
1.0123745
1.0110268
1.0097127
1.0102736
1.0112489
1.0121270
1.0097982
1.0098463
1.0086094
1.0120217
1.0144920
1.0116054
1.0067928
1.0106793
1.0053744
1.0071280
1.0091988
1.0102271
1.0067429
1.0108350
1.0096707
1.0098080
1.0112275
1.0103076
1.0098200
1.0086907
1.0068470
1.0087809
1.0036937
1.0047191
1.0068760
1.0073822
1.0075201
1.0104350
1.0105819
1.0092335
1.0110813
1.0103339
1.0101807
1.0124487
1.0122847
1.0107205
1.0109843
1.0077080
1.0149317
1.0138585
1.0110607
1.0164292
1.0109781
1.0157061
1.0143610
1.0170553
1.0175943
1.0191231
1.0186025
1.0165198
1.0223871
1.0187687
1.0135392
1.0145687
1.0138725
1.0136327
1.0149142
1.0140155
1.0140467
1.0137396
1.0128351
1.0124919
1.0101135
1.0131726
1.0106972
1.0119197
1.0131447
1.0096400
1.0091203
1.0122816
1.0075417
1.0094988
1.0073747
1.0078457
1.0066105
1.0063150
1.0068516
0.9994504
1.0021040
1.0031722
1.0024596
0.9975602
0.9969787
0.9963153
0.9994489
0.9984019
0.9982738
0.9945038
0.9957673
0.9960467
0.9927197
0.9948220
0.9917889
0.9936209
0.9925383
0.9931549
0.9928497
0.9961395
0.9925592
0.9907648
0.9910890
0.9904335
0.9897433
0.9920512
0.9927296
0.9933171
0.9874565
0.9911606
0.9894608
0.9919073
0.9905488
0.9903219
0.9876949
0.9881878
0.9870318
0.9842042
0.9879979
0.9845181
0.9877111
0.9860957
0.9857404
0.9882830
0.9892677
0.9896704
0.9870615
0.9831681
0.9804137
0.9842780
0.9807901
0.9822443
0.9806392
0.9776538
0.9788716
0.9809324
0.9785845
0.9801174
0.9820398
0.9804759
0.9791715
0.9771859
0.9785555
0.9795702
0.9794972
0.9738435
0.9755050
0.9745904
0.9752265
0.9727164
0.9788098
0.9753258
0.9729047
0.9752207
0.9736496
0.9745752
0.9748576
0.9731107
0.9734959
0.9742055
0.9735819
0.9708990
0.9731473
0.9733610
0.9727140
0.9756002
0.9701113
0.9670109
0.9650278
0.9638539
0.9618289
0.9627072
0.9600438
0.9598107
0.9589849
0.9567238
0.9610382
0.9579135
0.9576841
0.9556786
0.9551571
0.9594657
0.9603045
0.9611689
0.9615473
0.9622309
0.9618007
0.9632278
0.9627878
0.9611306
0.9653499
0.9641552
0.9628492
0.9626086
0.9645796
0.9666490
0.9670030
0.9653928
0.9675458
0.9688482
0.9652391
0.9670576
0.9673368
0.9688526
0.9725351
0.9709108
0.9696337
0.9670033
0.9681762
0.9651372
0.9622265
0.9626519
0.9631838
0.9582202
0.9574707
0.9599350
0.9608543
0.9607907
0.9592274
0.9574524
0.9580120
0.9586523
0.9595602
0.9589002
0.9636307
0.9609425
0.9653698
0.9628200
0.9616693
0.9631720
0.9629542
0.9607858
0.9625277
0.9606457
0.9623613
0.9570209
0.9602272
0.9589685
0.9599841
0.9558338
0.9594687
0.9619819
0.9575555
0.9593279
0.9582995
0.9524834
0.9566902
0.9541483
0.9554618
0.9546197
0.9558065
0.9551863
0.9524932
0.9540529
0.9533423
0.9569932
0.9548225
0.9519887
0.9500399
0.9498847
0.9542354
0.9505035
0.9508239
0.9525453
0.9517242
0.9523505
0.9516006
0.9496296
0.9477545
0.9496953
0.9492705
0.9504296
0.9508275
0.9492762
0.9489999
0.9477655
0.9524986
0.9529517
0.9504343
0.9499322
0.9488140
0.9472764
0.9489200
0.9485221
0.9461972
0.9452673
0.9442186
0.9457125
0.9470717
0.9444550
0.9422031
0.9421328
0.9408232
0.9395180
0.9410709
0.9405573
0.9362352
0.9364385
0.9389697
0.9341336
0.9337132
0.9333307
0.9319440
0.9315416
0.9292302
0.9312397
0.9282443
0.9267243
0.9262792
0.9251304
0.9263643
0.9269813
0.9271979
0.9251211
0.9258381
0.9241958
0.9230996
0.9226474
0.9218727
0.9227999
0.9232467
0.9246008
0.9222796
0.9200287
0.9214016
0.9205113
0.9158164
0.9215575
0.9234563
0.9232641
0.9243910
0.9244644
0.9260321
0.9240790
0.9266236
0.9191532
0.9257615
0.9234770
0.9229869
0.9221622
0.9246550
0.9216268
0.9200697
0.9186815
0.9259277
0.9243780
0.9216775
0.9203285
0.9200352
0.9190380
0.9175170
0.9207318
0.9204536
0.9200134
0.9180492
0.9182717
0.9168837
0.9145752
0.9139844
0.9136930
0.9135199
0.9147342
0.9135830
0.9124569
0.9133211
0.9138056
0.9147683
0.9138753
0.9135859
0.9138626
0.9139257
0.9119906
0.9119647
0.9134247
0.9112885
0.9124641
0.9128846
0.9101731
0.9105378
0.9064537
0.9086285
0.9089377
0.9087374
0.9069304
0.9088050
0.9081439
0.9086224
0.9048584
0.9053751
0.9032663
0.9028776
0.8997136
0.9059469
0.9017158
0.9025690
0.9020560
0.9026558
0.9008728
0.9018103
0.9028757
0.9042696
0.9032756
0.9008838
0.9002760
0.9012437
0.9013774
0.9048611
0.9044811
0.9020425
0.9025007
0.9042277
0.9005652
0.9004814
0.9007600
0.9011771
0.9033605
0.9049537
0.9041574
0.9033037
0.9056859
0.9046235
0.9055529
0.9022058
0.9054746
0.9064641
0.9077824
0.9053630
0.9069299
0.9072492
0.9055835
0.9063001
0.9055785
0.9045358
0.9083062
0.9071577
0.9059791
0.9093776
0.9076224
0.9085190
0.9070343
0.9086057
0.9095821
0.9053805
0.9075597
0.9056007
0.9036325
0.9030912
0.9040236
0.9038559
0.9042708
0.9033702
0.9027853
0.9032588
0.9025961
0.9040217
0.9059823
0.9055974
0.9072271
0.9053602
0.9041733
0.9076794
0.9058584
0.9056253
0.9086508
0.9067225
0.9057966
0.9058187
0.9061281
0.9066930
0.9053381
0.9071033
0.9058004
0.9082136
0.9054159
0.9043215
0.9043771
0.9048675
0.9094950
0.9059787
0.9071472
0.9095146
0.9063076
0.9100621
0.9092267
0.9113966
0.9088005
0.9111637
0.9123006
0.9093757
0.9089744
0.9110080
0.9115273
0.9109729
0.9083876
0.9120695
0.9107966
0.9115175
0.9118924
0.9087482
0.9105919
0.9123432
0.9150721
0.9143837
0.9139329
0.9171883
0.9152280
0.9155308
0.9189721
0.9145041
0.9175730
0.9175144
0.9189595
0.9165627
0.9162750
0.9197192
0.9190786
0.9202873
0.9167722
0.9172718
0.9188768
0.9170452
0.9170266
0.9183792
0.9142496
0.9145123
0.9172426
0.9163288
0.9157438
0.9147700
0.9121871
0.9109971
0.9116458
0.9113988
0.9112287
0.9074004
0.9049059
0.9038799
0.8993620
0.9010077
0.9012356
0.8999523
0.9009704
0.8973426
0.8981866
0.8974435
0.8967701
0.8977370
0.8948223
0.8972041
0.8966814
0.8950225
0.8953853
0.8956495
0.8943292
0.8945251
0.8935412
0.8919480
0.8921748
0.8945713
0.8968559
0.8921694
0.8932276
0.8940175
0.8940482
0.8950409
0.8946055
0.8960165
0.8931490
0.8950211
0.8929548
0.8930960
0.8921528
0.8926462
0.8892226
0.8904697
0.8882985
0.8903163
0.8860060
0.8859199
0.8880695
0.8852642
0.8849699
0.8826799
0.8842702
0.8843640
0.8841131
0.8812704
0.8828657
0.8835993
0.8837825
0.8834617
0.8802763
0.8852803
0.8822426
0.8827151
0.8835770
0.8839844
0.8818188
0.8829852
0.8808682
0.8825314
0.8828321
0.8802615
0.8782841
0.8805329
0.8788001
0.8835033
0.8777223
0.8783519
0.8742417
0.8767906
0.8758110
0.8755428
0.8743723
0.8736122
0.8700464
0.8732939
0.8697905
0.8689907
0.8686053
0.8670358
0.8677533
0.8681495
0.8673324
0.8664108
0.8671607
0.8642287
0.8676815
0.8656103
0.8662346
0.8668819
0.8660422
0.8655907
0.8657555
0.8637881
0.8641865
0.8623283
0.8636309
0.8615718
0.8616314
0.8624265
0.8640110
0.8632372
0.8624990
0.8628185
0.8643964
0.8626380
0.8642365
0.8652446
0.8664492
0.8642303
0.8627141
0.8637292
0.8630814
0.8645387
0.8644318
0.8653933
0.8664397
0.8637813
0.8670120
0.8647056
0.8634632
0.8647356
0.8639678
0.8643465
0.8648472
0.8632001
0.8630292
0.8602726
0.8579846
0.8624305
0.8616481
0.8627639
0.8629332
0.8607710
0.8597331
0.8587203
0.8593824
0.8616822
0.8613127
0.8602591
0.8602008
0.8628830
0.8603166
0.8614843
0.8636361
0.8646526
0.8639474
0.8605125
0.8639093
0.8630430
0.8634250
0.8677794
0.8641112
0.8657490
0.8649187
0.8641284
0.8626622
0.8640750
0.8664413
0.8647992
0.8645329
0.8634041
0.8640718
0.8637852
0.8627030
0.8627802
0.8635441
0.8616768
0.8626543
0.8648525
0.8633973
0.8640255
0.8621379
0.8629370
0.8623677
0.8657889
0.8647662
0.8631372
0.8633923
0.8629955
0.8630942
0.8630692
0.8613757
0.8635299
0.8609473
0.8642547
0.8666203
0.8677588
0.8664703
0.8642182
0.8666995
0.8683894
0.8650678
0.8667509
0.8675354
0.8675471
0.8678343
0.8684195
0.8668749
0.8673132
0.8683889
0.8669006
0.8704697
0.8681699
0.8707363
0.8708828
0.8708499
0.8687618
0.8706877
0.8722456
0.8709812
0.8736214
0.8720278
0.8714693
0.8743390
0.8743652
0.8754885
0.8789687
0.8811565
0.8789968
0.8795341
0.8855437
0.8846752
0.8848381
0.8847669
0.8858594
0.8876640
0.8868321
0.8882243
0.8890033
0.8857093
0.8822818
0.8839088
0.8837835
0.8798216
0.8798800
0.8776977
0.8754090
0.8762277
0.8756307
0.8760153
0.8730874
0.8750354
0.8745389
0.8726977
0.8713366
0.8718470
0.8730071
0.8730673
0.8675906
0.8725011
0.8718547
0.8699734
0.8697204
0.8708143
0.8679276
0.8681264
0.8689191
0.8713239
0.8694072
0.8672212
0.8667503
0.8657761
0.8658593
0.8651972
0.8669241
0.8633195
0.8638257
0.8617846
0.8625650
0.8614751
0.8625713
0.8609434
0.8593023
0.8599491
0.8591005
0.8595039
0.8579588
0.8583922
0.8607620
0.8612440
0.8563123
0.8559786
0.8551014
0.8548864
0.8549769
0.8562574
0.8553198
0.8533271
0.8528166
0.8526399
0.8525694
0.8510450
0.8548623
0.8514827
0.8534964
0.8506163
0.8528259
0.8495082
0.8478358
0.8481658
0.8474623
0.8480901
0.8487877
0.8482876
0.8484040
0.8476568
0.8460765
0.8479636
0.8480551
0.8467763
0.8458762
0.8461604
0.8450563
0.8469946
0.8445434
0.8445521
0.8460580
0.8437223
0.8426576
0.8414696
0.8441600
0.8424812
0.8424276
0.8382123
0.8388253
0.8379458
0.8383177
0.8394031
0.8413705
0.8397861
0.8403856
0.8431174
0.8409960
0.8395641
0.8407899
0.8410128
0.8387181
0.8383508
0.8373384
0.8356525
0.8368133
0.8402006
0.8389404
0.8369162
0.8367523
0.8358464
0.8379351
0.8349612
0.8367539
0.8326314
0.8357724
0.8361312
0.8344545
0.8347321
0.8342359
0.8329920
0.8321088
0.8314016
0.8310046
0.8312157
0.8304318
0.8324096
0.8302936
0.8286257
0.8273305
0.8255392
0.8268041
0.8264974
0.8264034
0.8275357
0.8287857
0.8271018
0.8266622
0.8262140
0.8277545
0.8247802
0.8266315
0.8281671
0.8273911
0.8276833
0.8295995
0.8291445
0.8305010
0.8295500
0.8296629
0.8297573
0.8308032
0.8322272
0.8305529
0.8312572
0.8333219
0.8339784
0.8319006
0.8320777
0.8322599
0.8323168
0.8321424
0.8306212
0.8316145
0.8326743
0.8330090
0.8313436
0.8298099
0.8303315
0.8344917
0.8309704
0.8319205
0.8329503
0.8316021
0.8287957
0.8313769
0.8338893
0.8311017
0.8324225
0.8322730
0.8328682
0.8323460
0.8307940
0.8351470
0.8327709
0.8341072
0.8351324
0.8335861
0.8368275
0.8363890
0.8350415
0.8352690
0.8347455
0.8337359
0.8351264
0.8364330
0.8372889
0.8394452
0.8370785
0.8367747
0.8359006
0.8384595
0.8359960
0.8365641
0.8324242
0.8343684
0.8347326
0.8352753
