16664	16609	16630	16544
16764	16567	16589	16624
16757	16627	16589	16607
16667	16622	16636	16629
16724	16656	16716	16813
16885	16677	16662	16685
16915	16754	16756	16795
16948	16832	16788	16771
16890	16799	16801	16845
16843	16769	16843	16770
16894	16817	16878	16875
17033	16868	16912	16912
17075	16902	16910	16971
17056	16986	17053	16998
17148	17056	16991	16977
17213	17055	17003	17065
17213	17140	17172	17168
17229	17112	17107	17060
17260	17153	17146	17259
17272	17188	17177	17268
17303	17160	17078	17124
17356	17199	17091	17104
17397	17114	17109	17242
17322	17213	17188	17225
17373	17250	17256	17312
17412	17318	17268	17297
17337	17209	17293	17308
17368	17259	17336	17330
17578	17379	17293	17251
17405	17334	17330	17346
17374	17268	17334	17336
17547	17352	17327	17487
17517	17288	17287	17490
17530	17387	17311	17371
17558	17411	17389	17407
17636	17510	17443	17450
17617	17470	17500	17542
17559	17461	17448	17478
17638	17493	17511	17569
17654	17570	17540	17523
17701	17600	17532	17568
17714	17641	17583	17583
17766	17592	17634	17655
17682	17601	17591	17695
17755	17681	17644	17687
17776	17629	17727	17760
17790	17679	17680	17706
17838	17792	17843	17811
17886	17777	17813	17811
17921	17790	17853	17850
17995	17920	17913	17891
18183	17929	17878	17881
18089	17906	17894	17974
18081	18033	18013	17970
18099	17969	17943	18082
18227	18021	18017	18014
18241	18134	18026	18054
18220	18015	18007	18017
18193	18083	18109	18079
18272	18137	18175	18186
18181	18118	18162	18130
18243	18124	18115	18178
18221	18112	18123	18148
18316	18212	18184	18245
18197	18130	18114	18086
18305	18195	18178	18142
18233	18133	18139	18198
18214	18111	18127	18168
18174	18075	18080	18099
18206	18136	18124	18060
18050	17966	18058	18164
18177	18067	18137	18133
18230	18150	18102	18122
18076	18021	18113	18181
18182	18049	18081	18125
18222	18056	18098	18157
18167	18083	18211	18204
18190	18140	18194	18127
18264	18126	18108	18207
18290	18125	18116	18160
18205	18068	18013	18137
18077	18023	18100	18096
18258	18159	18118	18070
18300	18142	18134	18104
18285	18068	17981	18027
18241	18072	18054	18196
18296	18170	18131	18076
18193	18128	18174	18180
18367	18187	18123	18138
18271	18180	18104	18187
18301	18140	18229	18311
18366	18237	18239	18344
18304	18202	18207	18306
18537	18361	18354	18264
18409	18272	18267	18317
18549	18489	18389	18360
18470	18364	18343	18332
18478	18359	18425	18513
18636	18475	18495	18455
18594	18473	18442	18441
18548	18473	18522	18557
18657	18562	18543	18521
18718	18572	18489	18560
18855	18523	18527	18621
18648	18621	18652	18615
18741	18656	18556	18585
18657	18544	18594	18590
18798	18647	18673	18722
18840	18675	18647	18632
18763	18558	18540	18607
18741	18641	18667	18661
18645	18550	18573	18638
18837	18674	18641	18641
18726	18658	18667	18640
18689	18582	18621	18667
18641	18557	18513	18607
18663	18526	18572	18378
18670	18512	18468	18561
18753	18558	18556	18598
18674	18573	18525	18618
18723	18633	18536	18504
18715	18580	18573	18610
18712	18641	18597	18516
18711	18596	18574	18578
18714	18575	18545	18555
18669	18626	18603	18644
18672	18593	18627	18694
18819	18632	18670	18715
18811	18743	18708	18734
18841	18688	18690	18744
18934	18724	18704	18831
18890	18774	18825	18746
18875	18800	18808	18791
18947	18810	18741	18749
18921	18842	18850	18818
18906	18777	18749	18895
18970	18868	18809	18832
18944	18821	18817	18818
19011	18795	18723	18858
19064	18910	18891	18929
18945	18869	18914	18918
19063	18949	18961	18890
19145	19021	18972	18976
19129	18936	18928	18962
18992	18914	18977	19016
19069	18955	18955	18997
19183	18998	18956	19062
19237	19111	19127	19056
19210	19094	19039	19104
19129	19060	19072	19096
19312	19168	19149	19135
19286	19185	19168	19173
19284	19152	19190	19231
19319	19218	19205	19159
19267	19052	19051	19189
19352	19100	19041	19162
19369	19273	19250	19128
19444	19316	19174	19053
19244	19140	19190	19162
19350	19146	19196	19180
19422	19272	19224	19277
19266	19162	19217	19208
19279	19103	19067	19194
19286	19222	19118	19086
19186	19143	19239	19194
19212	19111	19185	19085
19272	19162	19111	19150
19277	19206	19091	19087
19350	19247	19145	19094
19256	19133	19094	19159
19239	19162	19194	19259
19236	19128	19155	19224
19292	19122	19168	19246
19366	19249	19233	19313
19466	19373	19264	19282
19438	19331	19314	19313
19463	19296	19307	19342
19376	19250	19237	19253
19438	19394	19495	19457
19542	19409	19362	19412
19472	19382	19353	19459
19502	19419	19431	19332
19538	19432	19477	19520
19590	19494	19544	19507
19648	19534	19487	19517
19481	19429	19542	19497
19586	19519	19538	19548
19808	19635	19614	19753
19673	19577	19606	19578
19733	19606	19670	19634
19715	19590	19689	19568
19788	19711	19681	19522
19775	19708	19714	19747
19891	19731	19713	19685
19860	19748	19693	19682
19857	19726	19680	19644
19929	19666	19667	19818
19824	19762	19731	19748
20009	19902	19758	19800
19857	19701	19565	19678
19857	19790	19827	19795
20014	19849	19744	19788
19889	19833	19757	19855
19839	19774	19815	19899
19815	19755	19856	19931
19909	19833	19901	19940
19973	19885	19847	19843
19990	19898	19852	19850
19956	19861	19881	19938
19978	19900	19801	19847
19816	19746	19856	19916
19990	19837	19847	19830
19971	19911	19880	19862
19958	19880	19844	19824
19992	19908	19822	19803
20015	19893	19942	19940
19940	19818	19865	19931
20023	19871	19847	19831
19997	19929	19875	19872
19981	19859	19868	19980
20011	19931	19911	19947
20014	19930	19950	19974
19859	19825	19899	19902
20022	19894	19939	19917
20034	19858	19813	19869
19984	19901	19912	19975
19944	19907	20069	20028
20055	19971	19844	19820
20067	20002	19862	19842
20035	19989	19992	20044
20133	19994	20017	19975
20079	19900	19879	19973
20059	19936	19940	19936
20016	19932	19941	19981
20051	19994	20042	19965
20145	20002	20066	20078
20278	20127	20102	20077
20121	19910	19913	19961
20306	20087	20057	20139
20156	20040	20061	20028
20220	20077	20051	20101
20212	20031	20053	20062
20220	20082	20058	20023
20203	20052	20132	20099
20203	20071	20104	20142
20256	20097	20062	20111
20260	20068	20070	20135
20252	20115	20141	20147
20165	20099	20143	20050
20186	20057	20045	20079
20208	20074	20045	20073
20109	20008	20007	20078
20152	20079	20092	20077
20099	20048	19965	20008
20166	20128	20169	20088
20184	20036	20034	20117
20172	20058	20074	20147
20149	20058	19964	20015
20157	20115	20079	20072
20126	19960	19926	20014
20289	20072	20061	20125
20104	20041	20074	20112
20046	20010	20071	20052
20089	19982	20063	20025
20258	20026	19956	20025
20036	19986	20052	19970
20021	19913	19949	20005
19980	19882	19911	19976
20129	19849	19827	19921
20071	19911	19898	19888
20122	19986	19928	19952
20022	19922	19969	19936
20040	19889	19834	19873
20102	19895	19819	19828
20025	19879	19819	19852
19910	19830	19824	19832
19962	19802	19808	19860
19974	19860	19898	20038
19984	19826	19773	19841
19903	19831	19722	19735
19889	19766	19771	19893
19847	19722	19813	19860
20019	19873	19778	19794
19780	19678	19782	19810
19785	19711	19720	19801
19921	19847	19785	19734
19856	19781	19760	19794
19896	19788	19692	19688
19864	19782	19804	19726
19857	19778	19792	19801
19932	19777	19782	19898
19877	19776	19783	19772
19998	19783	19783	19857
19923	19799	19856	19946
20025	19881	19814	19844
20061	19932	19955	19920
20025	19941	19871	19920
19902	19830	19834	19962
20024	19918	19879	19989
20027	19979	20019	19988
20108	19968	20024	20052
20207	19975	19981	20072
20166	20095	20019	20024
20219	20148	20131	20025
20194	20099	20174	20159
20320	20032	20015	20122
20464	20227	20080	20064
20292	20211	20201	20238
20313	20272	20203	20188
20423	20313	20287	20355
20356	20297	20333	20324
20553	20342	20300	20397
20650	20416	20371	20372
20568	20478	20405	20466
20565	20508	20482	20566
20484	20406	20543	20590
20677	20555	20555	20569
20634	20524	20493	20552
20661	20549	20582	20516
20714	20663	20695	20677
20830	20771	20647	20663
20845	20755	20760	20843
20919	20725	20712	20773
20794	20742	20709	20659
20943	20724	20702	20807
20938	20797	20777	20787
21119	20875	20842	20786
21056	20991	21008	20979
21032	20878	20852	20916
21139	21018	20997	21015
21137	20980	20944	21013
21173	21059	20996	20989
21203	21005	21003	21028
21203	21105	21004	21043
21188	21087	21027	21088
21299	21115	21077	21182
21406	21101	21065	21206
21363	21065	21072	21165
21220	21073	21129	21192
21264	21118	21111	21221
21325	21212	21255	21392
21365	21185	21166	21255
21461	21372	21305	21296
21364	21210	21244	21301
21348	21256	21218	21343
21416	21318	21288	21376
21487	21386	21385	21439
21501	21414	21416	21358
21517	21378	21371	21432
21489	21413	21367	21289
21727	21414	21359	21405
21654	21556	21487	21480
21594	21541	21601	21626
21624	21544	21578	21550
21704	21491	21546	21575
21628	21597	21611	21669
21686	21633	21676	21700
21694	21591	21646	21643
21705	21561	21681	21651
21900	21668	21579	21566
21814	21761	21710	21729
21934	21821	21828	21820
21797	21730	21792	21772
21869	21821	21927	21840
22032	21914	21896	21837
21852	21804	21847	21844
22070	21894	21864	21828
21969	21847	21893	21815
22012	21931	21925	21907
22158	21986	21911	21932
22137	21961	21988	21961
21941	21854	21940	22081
22089	21992	21928	21896
22256	22098	22055	22041
22205	22047	21973	22051
22369	22142	22026	22050
22050	21920	21993	22027
22126	22034	22091	22058
22064	22015	22153	22148
22158	22060	22015	22096
22284	22121	22011	22047
22157	22102	22087	22053
22299	22187	22146	22072
22304	22122	22114	22174
22208	22151	22222	22185
22251	22170	22148	22148
22292	22242	22242	22157
22256	22151	22051	22128
22251	22097	22090	22094
22374	22288	22205	22159
22222	22032	22087	22049
22229	22010	22024	22102
22280	22084	22032	22105
22187	22157	22150	22121
22320	22123	22065	22180
22292	22110	22097	22093
22213	22131	22105	22048
22221	22119	22185	22229
22226	22060	22090	22065
22324	22131	22058	22124
22422	22230	22145	22085
22209	22058	22050	22196
22186	22145	22168	22131
22318	22176	22177	22155
22410	22146	22123	22178
22333	22204	22149	22146
22291	22214	22176	22303
22289	22135	22105	22196
22360	22300	22220	22160
22337	22231	22261	22243
22331	22258	22229	22233
22419	22311	22225	22201
22458	22208	22211	22276
22425	22345	22348	22343
22520	22379	22372	22389
22484	22373	22381	22462
22518	22440	22466	22415
22547	22404	22455	22471
22676	22480	22465	22543
22725	22572	22477	22513
22663	22450	22468	22572
22777	22678	22729	22662
22795	22644	22618	22684
22713	22628	22626	22719
22825	22745	22776	22722
22889	22792	22751	22670
22844	22662	22716	22843
22818	22747	22660	22770
22918	22798	22771	22844
22904	22703	22701	22772
22970	22824	22697	22765
22893	22821	22862	22710
23065	22803	22742	22712
22985	22740	22753	22880
22894	22824	22824	22889
23030	22923	22766	22780
23024	22877	22897	22926
23029	22901	22938	22849
22870	22819	22889	22776
23141	22894	22874	22877
22919	22805	22818	22823
23069	22934	22869	22863
22899	22795	22809	22914
22946	22852	22843	22725
22948	22738	22790	22765
22791	22714	22802	22735
22899	22865	22844	22797
22922	22687	22695	22834
22959	22815	22798	22839
22825	22775	22743	22795
22932	22749	22716	22691
22953	22815	22806	22903
22872	22765	22744	22729
22870	22742	22724	22868
22833	22784	22788	22930
22951	22854	22818	22935
22926	22889	22969	22819
22916	22759	22771	22859
22958	22839	22701	22791
23037	22977	22997	23008
23070	22946	22939	22931
23034	22901	23023	23074
23143	23102	23035	23050
23147	23096	23018	23070
23147	23043	23036	23079
23265	23142	23122	23158
23251	23016	23026	23224
23317	23131	23124	23233
23435	23285	23287	23404
23383	23308	23333	23281
23402	23308	23337	23452
23480	23338	23417	23442
23580	23352	23334	23403
23594	23401	23433	23473
23383	23336	23331	23422
23532	23450	23406	23363
23446	23369	23364	23223
23592	23391	23358	23351
23553	23411	23324	23367
23748	23532	23437	23524
23826	23546	23428	23395
23790	23641	23558	23503
23713	23550	23496	23523
23549	23466	23588	23624
23867	23625	23635	23600
23821	23679	23644	23592
23838	23723	23616	23644
23959	23763	23692	23669
23954	23826	23803	23812
24027	23864	23787	23807
23920	23854	23885	23888
23992	23783	23864	23881
24119	23915	23878	23885
23986	23932	23878	23881
24179	24013	23906	23928
23923	23825	23942	23898
24027	23963	23990	24076
24216	24040	23988	23938
24285	24163	24118	24129
24337	24170	24174	24183
24246	24180	24180	24168
24425	24257	24143	24241
24392	24248	24178	24251
24331	24203	24345	24355
24252	24158	24204	24225
24215	24153	24337	24301
24383	24236	24276	24366
24521	24310	24240	24227
24366	24247	24199	24282
24483	24442	24403	24345
24381	24321	24368	24341
24505	24314	24363	24465
24445	24338	24396	24474
24682	24419	24386	24416
24523	24479	24357	24387
24487	24360	24461	24418
24443	24361	24481	24382
24674	24483	24436	24439
24578	24415	24523	24499
24638	24521	24467	24581
24656	24493	24478	24584
24647	24495	24430	24497
24578	24547	24543	24441
24564	24442	24522	24514
24634	24563	24526	24481
24643	24531	24466	24407
24599	24442	24495	24485
24577	24461	24466	24524
24603	24556	24471	24476
24642	24520	24543	24511
24646	24602	24543	24466
24581	24513	24511	24563
24638	24563	24627	24622
24701	24591	24599	24610
24747	24615	24556	24572
24621	24520	24475	24522
24776	24691	24596	24623
24777	24581	24552	24628
24834	24693	24672	24623
24808	24662	24694	24618
24767	24679	24697	24708
24791	24680	24748	24728
24885	24722	24663	24695
24963	24852	24783	24734
24860	24806	24900	24793
25020	24901	24881	24850
25112	25041	24908	24888
25012	24822	24897	24878
25008	24897	24946	24968
25158	24935	24914	24964
25229	25065	25065	25080
25138	25046	24965	24950
25243	25135	25116	25185
25254	25012	25013	25251
25240	25147	25109	25086
25258	25098	25008	25097
25348	25247	25139	25153
25352	25029	25040	25181
25335	25128	25068	25267
25456	25249	25238	25248
25269	25175	25127	25106
25409	25340	25278	25229
25379	25244	25179	25212
25498	25302	25244	25331
25356	25210	25234	25422
25340	25276	25288	25274
25441	25280	25320	25324
25518	25316	25279	25414
25561	25473	25607	25827
26318	26158	26063	26034
27266	27109	26978	27070
29470	29290	29185	29187
32483	32300	32340	32446
35447	35247	35207	35218
38486	38244	38214	38065
41621	41251	41299	41312
44494	44307	44405	44583
46796	46393	46250	46126
47611	47430	47293	47110
48673	48306	48316	48345
49382	49106	49006	48992
49485	49224	49449	49432
47794	47531	47872	47637
44141	43867	43950	43942
39281	38983	38944	39019
34108	33880	33673	33734
29128	28796	28572	28566
24129	23879	23822	23905
21041	20881	20790	20723
20239	20051	20006	19931
22168	21946	21878	21897
25006	24795	24708	24781
27265	27063	26961	26942
28572	28459	28394	28329
29542	29426	29283	29257
29451	29207	29166	29106
27917	27784	27744	27696
26411	26294	26221	26215
25501	25402	25320	25360
25202	25125	25164	25200
25320	25143	25094	25149
25280	25148	25158	25239
25237	25133	25173	25272
25517	25259	25126	25145
25360	25315	25366	25269
25516	25313	25304	25305
25539	25430	25426	25503
25657	25472	25456	25595
25651	25511	25520	25529
25681	25449	25463	25592
25552	25485	25523	25632
25653	25558	25464	25446
25735	25574	25492	25501
25742	25669	25549	25520
25777	25560	25555	25576
25749	25616	25536	25513
25639	25526	25608	25597
25818	25650	25594	25589
25749	25582	25624	25736
25806	25655	25667	25734
25681	25568	25716	25595
25692	25603	25515	25545
25716	25603	25682	25691
25945	25798	25695	25790
25867	25715	25615	25679
25897	25829	25842	25896
25976	25741	25749	25863
25887	25782	25733	25760
25924	25800	25687	25691
26015	25851	25826	25812
25887	25709	25705	25829
25939	25769	25785	25801
25803	25757	25842	25923
25939	25762	25757	25767
25967	25780	25791	25826
25945	25764	25793	25957
26044	25890	25840	25846
26090	25949	25923	25893
26010	25921	25906	25864
26218	26064	25963	26027
26179	26087	25982	25963
26092	25992	25996	25953
26046	25974	25983	26023
26077	25995	26005	25980
25992	25911	25882	26017
26047	25982	25898	25905
26131	25944	25935	26006
26174	25973	25892	25832
26046	25963	25904	26080
26116	25886	25984	26068
25993	25901	26014	25958
26050	25988	25928	25962
26057	25978	26028	26071
26092	25990	26040	26030
26239	26144	26075	26078
26065	25914	25876	25982
26057	25970	25960	26005
26222	26032	26007	26064
26017	25864	25896	26042
26225	26097	26049	26053
25992	25941	26009	26041
26178	26069	25930	25989
25967	25932	26028	26008
26089	25930	25930	25976
25981	25903	25956	25974
26120	25858	25914	26020
26163	26020	25984	26003
25960	25867	25875	25915
26172	25975	25901	25982
26290	26171	26125	26026
26363	26122	25965	26101
26279	26127	26139	26123
26199	26136	26228	26175
26233	26158	26095	26165
26425	26212	26029	26123
26259	26176	26241	26155
26364	26209	26146	26189
26383	26210	26206	26248
26378	26259	26220	26271
26509	26317	26280	26315
26437	26284	26252	26175
26414	26320	26325	26392
26499	26316	26276	26278
26457	26239	26236	26355
26510	26416	26427	26345
26581	26446	26364	26407
26404	26334	26406	26369
26684	26532	26454	26385
26685	26440	26342	26428
26613	26512	26519	26520
26650	26585	26432	26493
26711	26524	26554	26547
26769	26561	26550	26533
26683	26532	26578	26609
26862	26762	26806	26806
26809	26722	26741	26726
26795	26704	26687	26744
26849	26683	26729	26791
27107	26856	26788	26873
27162	26877	26856	26838
27105	27003	26867	26876
26961	26818	26819	26961
27100	26865	26873	26880
27046	26850	26889	26993
27161	27053	27000	27019
27081	26981	27036	27044
26976	26912	27125	27145
27214	27127	27117	27109
27207	27051	27040	27086
27273	27149	27187	27153
27209	27141	27149	27109
27270	27194	27129	27180
27322	27150	27140	27140
27336	27091	27148	27257
27207	27114	27069	27129
27274	27205	27273	27205
27399	27265	27244	27293
27344	27240	27257	27371
27322	27201	27438	27370
27573	27344	27246	27291
27401	27229	27209	27407
27368	27307	27282	27261
27362	27253	27282	27303
27517	27446	27430	27502
27516	27301	27355	27359
27527	27434	27429	27376
27701	27364	27197	27280
27555	27418	27366	27400
27552	27369	27421	27469
27659	27529	27492	27470
27614	27447	27473	27608
27688	27505	27515	27610
27770	27652	27615	27645
27679	27525	27546	27554
27721	27670	27719	27631
27714	27530	27527	27659
27731	27566	27643	27718
27666	27606	27689	27784
27721	27578	27562	27646
27761	27559	27571	27553
27689	27611	27602	27544
27715	27649	27691	27730
27897	27824	27774	27776
28052	27902	27829	27848
27943	27854	27748	27695
28068	27848	27866	27901
27980	27847	27872	27866
28029	27964	27935	27867
28109	28005	28049	28021
28164	27939	27910	28079
28136	28026	27939	27803
28153	28084	27985	27998
28083	28008	28017	27984
28125	27916	27923	27956
28155	28008	28034	27949
28136	28079	28106	28022
28349	28161	28075	28034
28210	28083	28133	28083
28243	28082	27974	28141
28300	28218	27994	27984
28483	28267	28173	28274
28330	28272	28214	28236
28432	28315	28286	28173
28474	28248	28230	28228
28484	28374	28403	28259
28302	28206	28189	28164
28410	28241	28318	28343
28615	28347	28334	28346
28479	28358	28348	28235
28484	28434	28427	28306
28581	28364	28286	28360
28462	28407	28383	28354
28534	28393	28418	28513
28619	28413	28354	28475
28670	28496	28310	28350
28600	28515	28393	28439
28651	28571	28523	28565
28568	28458	28491	28577
28706	28442	28435	28534
28699	28504	28473	28565
28470	28360	28531	28590
28733	28592	28584	28735
28845	28699	28731	28785
28945	28796	28752	28852
28991	28822	28812	28909
29055	28814	28937	29020
28982	28840	28928	29019
29128	29091	28976	28944
29141	29045	28979	29051
29199	29077	29024	29065
29341	29107	29073	29168
29232	29038	28913	29031
29167	29132	29209	29134
29294	29133	29093	29199
29375	29169	29185	29284
29347	29259	29211	29309
29308	29152	29125	29064
29233	29042	29085	29236
29268	29043	29096	29133
29176	29046	29147	29174
29243	29096	29055	29115
29319	29173	29068	29050
29229	29122	29111	29024
29393	29093	29042	29060
29238	29158	29202	29240
29328	29058	28970	29020
29456	29167	28933	29013
29261	29105	29177	29233
29269	29178	29187	29220
29232	29168	29128	29136
29182	29080	29068	29133
29157	29086	29137	29089
29325	29141	29108	29138
29267	29196	29007	29031
29061	28992	29162	29178
29341	29208	29179	29149
29357	29164	29122	29063
29241	29103	29173	29204
29256	29098	29074	29159
29131	29017	29039	29007
29188	28961	29114	29174
29196	29150	29134	29159
29297	29183	29229	29296
29477	29101	29103	29231
29479	29317	29227	29306
29451	29388	29440	29454
29582	29427	29467	29254
29574	29395	29321	29424
29694	29555	29576	29548
29729	29628	29603	29555
29613	29534	29572	29541
29663	29568	29537	29428
29699	29570	29526	29458
29631	29593	29594	29677
29775	29695	29657	29637
29769	29665	29646	29664
29697	29599	29709	29709
29766	29663	29605	29617
29835	29628	29601	29718
29577	29532	29612	29527
29733	29629	29669	29597
29626	29501	29480	29526
29656	29514	29633	29692
29860	29616	29544	29666
29857	29594	29566	29533
29710	29616	29645	29655
29742	29687	29772	29742
29693	29627	29790	29667
29821	29740	29738	29760
29799	29623	29715	29759
29974	29894	29918	29823
29930	29853	29834	29642
29975	29877	29802	29811
29967	29808	29826	29787
30124	29984	29911	29937
29879	29791	29943	29938
29998	29661	29676	29953
30134	29987	29913	29855
30065	29901	29939	29812
30132	29922	29916	29925
30365	30124	30111	30077
30118	29954	30066	30058
30157	30089	30145	30175
30207	30100	30087	30056
30347	30148	30048	30063
30225	30053	30068	30160
30282	30048	30086	30218
30461	30119	30193	30252
30288	30177	30185	30227
30318	30253	30256	30190
30279	30189	30117	30020
30502	30205	30076	30146
30499	30355	30233	30252
30641	30429	30297	30271
30522	30377	30370	30439
30318	30166	30287	30432
30681	30342	30316	30390
30413	30378	30451	30496
30531	30366	30388	30283
30698	30475	30253	30297
30504	30324	30414	30451
30581	30441	30417	30400
30635	30488	30496	30523
30718	30584	30614	30518
30891	30486	30397	30460
30722	30606	30510	30501
30620	30476	30517	30627
30766	30611	30422	30440
30689	30621	30575	30604
30793	30566	30543	30673
30815	30644	30669	30657
30755	30497	30478	30495
30710	30457	30455	30595
30710	30596	30640	30645
30792	30606	30648	30660
30769	30705	30759	30668
30930	30766	30752	30703
30755	30707	30818	30708
30914	30674	30661	30841
31019	30849	30809	30766
31119	30840	30819	30837
30960	30914	30975	30954
31194	30773	30802	30889
31075	30755	30775	30926
31037	30927	30961	30999
31100	30926	31048	31197
31147	31028	31071	31085
31159	31054	31141	31201
31211	31132	31246	31190
31255	31040	31133	31196
31233	31134	31235	31141
31489	31406	31261	31214
31510	31375	31199	31310
31462	31311	31155	31179
31722	31405	31286	31393
31676	31483	31325	31430
31733	31454	31396	31434
31670	31537	31496	31553
31708	31594	31496	31564
31876	31703	31590	31559
31764	31544	31549	31649
31971	31771	31587	31637
31898	31819	31795	31714
32069	31739	31777	31754
32056	31857	31777	31859
31986	31852	31818	31775
31921	31762	31803	31912
32019	31840	31773	31788
32037	31969	31854	31898
32041	31885	31859	31926
32012	31952	32006	32020
32069	31947	32046	32132
32136	32007	32081	32085
32219	32079	32129	32042
32234	32083	31998	32077
32307	32071	32001	32003
32285	32093	31918	31950
32313	32145	32047	32116
32315	32169	32243	32261
32221	32150	32294	32183
32454	32245	32148	32178
32530	32502	32466	32241
32243	32208	32258	32274
32277	32176	32200	32117
32329	32232	32197	32091
32437	32224	32063	32020
32400	32124	32121	32141
32275	32073	32119	32153
32412	32307	32133	32092
32231	32033	32157	32221
32532	32461	32454	32293
32368	32141	32163	32194
32445	32249	32255	32288
32488	32377	32237	32256
32430	32304	32360	32432
32441	32240	32196	32352
32516	32414	32410	32366
32617	32435	32422	32504
32607	32474	32594	32552
32400	32274	32237	32349
32499	32156	32316	32558
32740	32486	32404	32331
32608	32551	32568	32477
32694	32488	32489	32627
32738	32558	32514	32682
32771	32604	32683	32703
32725	32560	32517	32555
32662	32504	32535	32748
32668	32571	32640	32685
33018	32584	32559	32735
32729	32657	32766	32765
33044	32683	32669	32772
33090	32865	32804	32793
33176	32915	32757	32842
32939	32856	33024	32966
33159	32947	32835	32922
33004	32937	32872	32928
33164	32947	32900	32949
33298	32953	32914	33011
33065	32946	33045	33048
33000	32949	33086	33052
33191	32952	32861	32997
33189	33019	33030	32945
33085	33018	33095	33080
33236	33065	33022	32968
33059	32942	33162	33172
33326	33233	33058	33052
33353	33204	33128	33041
33282	33130	33037	33118
33357	33217	33157	33200
33304	33204	33125	33180
33318	33129	33091	33267
33447	33255	33254	33298
33340	33235	33254	33425
33547	33431	33500	33430
33538	33389	33317	33397
33603	33398	33306	33342
33456	33414	33406	33456
33611	33448	33492	33501
33571	33458	33452	33348
33546	33396	33477	33561
33490	33434	33521	33518
33813	33659	33560	33542
33728	33598	33581	33644
33904	33684	33655	33676
33759	33662	33788	33822
34094	33951	33765	33750
33784	33603	33590	33704
33903	33818	33803	33843
34022	33739	33703	33829
33992	33738	33722	33972
33966	33796	33777	33849
34085	33964	33812	33849
34034	33930	33817	33842
33853	33749	33943	33972
34053	33812	33781	33716
34105	33945	33758	33757
34187	33961	33933	33898
34304	34011	33923	33887
34104	34036	33980	33913
34137	33989	34008	33933
33989	33847	33937	33824
34091	33866	33855	33896
34328	34009	33931	33861
34132	33979	33942	34061
34003	33917	34072	33916
34259	34166	34016	34074
34291	34118	34085	34088
34285	34081	34108	34120
34201	34141	34148	34095
34171	34081	34045	34012
34223	34025	33928	33947
34250	34119	33953	33975
34160	33957	34084	34279
34083	34003	34023	34066
34191	34013	34104	34081
34066	33997	34105	34135
34340	34105	34192	34226
34228	34034	34053	34108
34264	34098	34015	33951
34063	33986	34041	34094
34144	34042	34200	34216
34122	33954	34112	34232
34336	34069	33998	34023
34335	34234	34102	34060
34229	34130	34154	34164
34270	34170	34155	34245
34546	34253	34112	34141
34262	34144	34063	34068
34199	34102	34190	34273
34438	34168	34216	34174
34288	34042	34024	34184
34224	34133	34265	34234
34495	34123	33996	34161
34356	34294	34237	34166
34329	34233	34171	34137
34294	34125	34271	34087
34515	34299	34230	34422
34390	34252	34283	34265
34502	34336	34341	34362
34637	34438	34418	34402
34643	34550	34483	34356
34618	34409	34408	34509
34634	34558	34380	34452
34477	34437	34573	34528
34765	34504	34433	34505
34621	34459	34554	34717
34696	34619	34547	34471
34767	34579	34596	34547
34554	34473	34632	34666
34744	34497	34449	34390
34794	34558	34397	34444
34752	34410	34389	34448
34643	34569	34594	34532
34719	34664	34594	34597
34618	34507	34530	34438
34789	34573	34564	34499
34789	34574	34547	34605
34600	34498	34483	34527
34713	34589	34556	34598
34781	34640	34660	34571
34831	34630	34662	34580
34744	34681	34662	34623
34835	34709	34576	34558
34801	34713	34699	34727
34753	34581	34617	34773
34900	34689	34586	34803
34857	34643	34510	34653
34861	34797	34744	34744
34963	34769	34858	34779
35086	34763	34754	34812
34893	34800	34849	34852
34776	34557	34673	34733
34834	34769	34890	34839
34962	34786	34694	34765
34899	34649	34685	34666
35049	34896	34820	34680
34875	34671	34686	34692
34920	34792	34715	34679
34823	34687	34648	34671
34915	34714	34722	34929
34824	34705	34744	34700
34868	34761	34632	34593
34994	34806	34779	34776
34895	34787	34913	34876
34964	34711	34727	34812
34943	34726	34738	34782
35040	34835	34791	34662
35094	34904	34987	34794
34949	34720	34774	34826
35024	34768	34868	34858
34875	34759	34910	34918
35089	34848	34815	34707
35183	34943	34928	34942
35136	34872	34843	34916
35089	34890	34722	34852
35133	34673	34640	34745
34958	34791	34783	34818
35040	34822	34835	34776
34962	34668	34686	34716
35072	34804	34714	34794
35108	34706	34667	34911
34829	34569	34736	34790
35066	34813	34851	34927
34827	34730	34848	34839
34860	34752	34818	34877
34794	34719	34801	34828
35050	34871	34784	34855
34992	34863	34855	34948
34989	34757	34635	34808
34919	34852	34777	34792
34894	34680	34740	34897
35086	34890	34898	34925
35170	35000	34844	34763
35061	34917	34829	34780
35067	34927	34980	34946
35289	34956	34897	34835
35087	34910	34912	34916
35224	35072	35118	35097
35215	35110	35134	35066
35237	35074	34944	34906
35193	35103	35086	34973
35333	35166	35057	34943
35382	35147	35096	35078
35553	35217	35099	35287
35564	35364	35232	35235
35519	35370	35241	35219
35631	35333	35208	35270
35503	35300	35318	35402
35650	35517	35536	35472
35888	35639	35533	35562
35935	35701	35589	35614
36019	35847	35843	35903
36045	35846	35833	35681
36026	35846	35744	35808
36088	35912	35781	35903
35957	35902	35906	35812
36242	35981	35918	36072
36175	36065	35942	35951
36206	36048	35957	36097
36235	36123	36075	36039
36324	35998	35980	36070
36293	36179	36279	36147
36326	36088	36061	36094
36262	36208	36108	36131
36495	36252	36111	36175
36352	36181	36198	36299
36576	36123	35998	36346
36474	36325	36285	36229
36511	36350	36266	36210
36516	36370	36333	36334
36499	36410	36443	36517
36704	36572	36366	36246
36441	36318	36374	36420
36402	36278	36213	36345
36660	36459	36477	36461
36572	36422	36487	36459
36646	36490	36309	36422
36688	36362	36457	36411
36522	36450	36459	36381
36639	36443	36376	36481
36447	36241	36451	36626
36869	36482	36478	36460
36643	36499	36416	36481
36942	36606	36483	36402
36686	36597	36556	36627
36921	36681	36507	36568
36798	36628	36582	36644
36957	36758	36729	36829
36885	36758	36671	36809
37045	36806	36793	36895
36961	36883	36814	36603
37201	36959	36905	36969
37262	37013	36856	36974
37097	36857	36886	36963
37443	37007	36879	36999
37209	37086	37007	37132
37383	37208	37186	37099
37307	37086	37114	37158
37258	37161	37134	37153
37295	37141	37176	37193
37572	37266	37208	37296
37400	37267	37232	37230
37521	37213	37163	37165
37375	37207	37229	37277
37585	37386	37099	37129
37524	37472	37453	37347
37347	37216	37158	37285
37498	37321	37347	37410
37638	37324	37285	37306
37428	37290	37350	37396
37478	37316	37314	37344
37714	37514	37329	37319
37542	37461	37444	37288
37745	37505	37399	37503
37526	37425	37475	37500
37611	37441	37418	37462
37719	37576	37655	37477
38025	37624	37576	37598
37778	37632	37521	37564
37937	37678	37557	37677
37531	37369	37458	37745
37871	37789	37789	37700
37819	37683	37781	37815
38031	37923	37914	37998
38082	37894	37720	37786
38156	37818	37864	37871
38036	37922	37923	37932
38212	38097	37955	37810
38121	38028	38086	38029
38390	38227	38137	38192
38210	38044	38034	38147
38490	38306	38133	38178
38504	38309	38282	38211
38538	38208	38304	38382
38600	38255	38279	38634
38465	38370	38449	38415
38607	38308	38352	38420
38552	38414	38457	38467
38766	38555	38388	38403
38871	38410	38292	38464
39018	38621	38455	38524
38639	38426	38458	38538
38793	38532	38536	38627
38620	38569	38596	38650
38660	38452	38520	38746
38711	38601	38623	38651
38832	38549	38603	38741
38752	38597	38645	38760
38995	38739	38646	38785
38977	38790	38718	38667
39178	38751	38726	38890
38907	38691	38820	38951
39090	38963	38884	38862
39144	38904	38845	38954
39065	38841	38865	38991
39062	38806	38804	38863
39150	38924	38812	38847
39044	38930	38968	38983
39103	38971	38923	38929
39010	38827	38948	38915
39217	38955	38895	39009
39102	38878	38882	38984
39102	38863	38931	38827
38975	38829	38807	38954
39051	38916	39028	39028
39175	39047	39065	39069
39181	38969	39022	39059
39220	39053	39038	39096
39252	39005	38907	39038
39123	39022	39041	39094
39162	38967	38938	39098
39133	38949	38914	39039
39287	39079	39123	39085
39209	38878	38876	39086
39194	38918	39107	39305
39317	39180	39102	39209
39204	39103	39152	39177
39314	39213	39177	39130
39316	39116	39237	39155
39447	39267	39052	39026
39555	39297	39108	39190
39301	39239	39395	39305
39589	39452	39369	39393
39724	39519	39527	39513
39495	39341	39294	39396
39483	39360	39424	39461
39566	39414	39306	39297
39325	39212	39584	39490
39656	39506	39514	39390
39841	39482	39409	39584
39831	39746	39549	39436
39817	39573	39502	39607
39584	39527	39543	39481
39562	39452	39564	39684
39715	39529	39608	39663
39734	39627	39630	39594
39574	39444	39588	39545
39869	39635	39657	39521
39832	39579	39496	39619
39828	39474	39472	39416
39634	39417	39484	39528
39800	39514	39471	39466
39996	39710	39639	39597
39819	39633	39443	39481
39914	39599	39474	39607
39796	39578	39602	39607
39638	39367	39392	39449
39791	39579	39619	39586
39716	39560	39624	39434
39739	39566	39607	39633
39735	39651	39627	39736
39946	39696	39761	39675
39837	39717	39633	39690
39819	39559	39585	39539
39878	39706	39667	39611
39905	39717	39595	39753
39915	39765	39777	39780
40007	39737	39693	39736
40101	39788	39708	39688
40079	39815	39793	39857
39971	39855	39906	39857
40222	39974	39633	39678
40287	39928	39836	39861
39985	39908	39888	40009
40022	39766	39816	39839
40080	39855	39906	39930
40042	39864	39810	39998
40179	40015	39965	39964
40053	39895	40009	40077
40254	40055	39969	39921
39918	39782	39930	39995
40156	39913	39871	39933
40188	40018	40112	39916
40332	40028	39943	39943
40307	40033	39951	40088
40230	40039	40018	40133
40343	40043	40034	40064
40411	40142	40074	40232
40198	40141	40069	40109
40438	40194	40145	40281
40424	40099	39969	40009
40352	39972	39917	39881
40148	39949	39863	40011
40174	40010	40000	40084
40291	40095	40138	40221
40271	40053	40030	39990
40136	40010	39876	40069
40225	40143	40194	40203
40276	40133	40055	40048
40188	39963	40096	40179
40288	40052	40015	40128
40198	40036	40108	40147
40379	40093	39947	40021
40208	40072	40242	40263
40324	40141	40102	40196
40323	40105	40049	40146
40351	40136	40206	40265
40269	39972	40016	40100
40291	40123	40197	40230
40274	40144	39971	40037
40246	40055	40054	40103
40172	40022	40181	40148
40297	40203	40244	40224
40302	40121	40126	40122
40278	40068	40022	40075
40237	40096	40145	40257
40254	40102	39926	40026
40374	40173	40063	40050
40233	40134	40238	40217
40321	40125	40035	39872
40170	39988	40061	40188
40289	40022	39982	39967
40053	39969	39815	39847
40059	39786	39681	39820
40046	39924	39911	39915
40041	39923	39937	39856
39822	39666	39583	39660
39853	39767	39642	39683
39898	39724	39686	39666
39939	39702	39686	39718
39855	39634	39628	39790
39905	39625	39520	39592
39862	39658	39669	39660
39780	39636	39634	39608
39717	39563	39621	39676
39950	39721	39763	39791
40095	39921	39942	39944
40099	39897	39805	39865
40044	39799	39862	40042
40286	40166	40069	40004
40325	40086	40066	40096
40436	40296	40124	40175
40518	40453	40333	40207
40554	40339	40226	40300
40672	40373	40261	40282
40442	40312	40388	40434
40564	40492	40543	40578
40501	40438	40564	40372
40605	40428	40419	40574
40733	40594	40584	40516
40940	40716	40549	40535
40886	40672	40591	40555
40753	40616	40481	40697
40654	40571	40665	40705
40975	40874	40885	40947
40888	40672	40613	40646
40892	40611	40693	40803
40931	40788	40833	40859
40977	40863	40849	40829
41040	40806	40705	40821
41244	40918	40868	40945
41157	40909	40866	41065
41201	40817	40841	41048
40963	40834	40813	40904
41154	40930	40813	41037
41286	40978	41056	41087
41281	41080	41141	41054
41449	41097	41115	41140
41311	41095	41199	41240
41437	41074	41168	41352
41407	41073	41063	41219
41578	41298	41276	41358
41522	41399	41355	41197
41695	41402	41335	41493
41624	41375	41362	41474
41753	41411	41410	41531
41663	41360	41394	41537
41696	41527	41565	41540
41777	41621	41637	41671
41746	41609	41657	41629
41858	41660	41652	41696
41829	41654	41713	41652
41891	41757	41898	41663
41841	41710	41782	41852
41728	41624	41697	41736
41970	41772	41476	41534
42190	41881	41811	41891
42061	41934	41951	41953
42212	41985	41883	42052
42171	42060	42030	41974
42275	42035	42030	41938
42233	41914	41910	42030
42280	41947	41968	42137
42303	42137	42165	42181
42299	42099	42245	42305
42517	42169	42067	42291
42402	42239	42181	42297
42586	42348	42289	42260
42193	42114	42304	42176
42515	42388	42318	42297
42364	42264	42341	42210
42617	42410	42389	42397
42519	42285	42307	42323
42733	42519	42423	42482
42843	42675	42562	42474
42791	42581	42564	42613
42788	42594	42611	42759
42892	42573	42569	42653
42768	42707	42567	42566
42790	42547	42676	42757
42863	42675	42675	42595
42978	42669	42580	42793
43050	42828	42748	42775
42893	42687	42707	42794
42958	42874	42616	42676
43005	42817	42787	42835
43102	42884	42843	42859
43198	42882	42721	42891
43263	42882	42824	43009
43151	42837	42755	42903
43303	43040	42920	42943
43094	42931	43136	43105
43163	42920	42929	43009
43377	43054	42973	43155
43484	43112	43088	43155
43305	43194	43274	43372
43305	43156	43066	43128
43513	43222	43151	43175
43464	43290	43134	43246
43703	43500	43367	43497
43696	43474	43439	43393
43723	43630	43423	43471
43879	43564	43411	43378
43621	43463	43540	43445
43612	43460	43358	43294
43616	43432	43520	43546
43688	43451	43417	43496
43638	43320	43299	43293
43759	43441	43362	43488
43735	43664	43458	43552
43600	43507	43626	43484
43607	43474	43523	43629
43825	43587	43626	43734
43907	43665	43686	43653
43888	43744	43700	43853
44086	43838	43855	43822
44177	43750	43642	43851
43783	43652	43659	43681
43898	43650	43700	43852
44035	43845	43774	43932
44154	43844	43845	43840
44102	43861	43936	44037
43954	43791	43816	43999
44235	43963	44098	43952
44218	43979	43865	43871
44357	44162	44193	44155
44230	43998	43994	44043
44101	44003	44026	44122
44258	44107	44173	44131
44199	44112	44217	44145
44337	44156	44220	44128
44375	44135	44224	44434
44426	44311	44319	44363
44551	44351	44336	44395
44373	44274	44618	44516
44538	44350	44433	44478
44858	44416	44305	44451
44667	44430	44235	44338
44769	44458	44424	44535
44793	44546	44659	44610
44943	44671	44628	44709
44955	44749	44814	44885
44914	44779	44782	44717
45001	44757	44811	44753
45026	44858	44740	44782
45189	44747	44606	44682
45014	44699	44609	44695
44944	44883	44773	44845
45115	44923	44805	44761
45214	44937	44849	44765
45070	44777	44786	44861
45285	45110	44916	44894
45068	44886	44984	44927
45018	44843	44793	44941
45159	44860	44856	44952
45073	44982	44956	44816
44958	44866	44855	44796
45014	44836	44826	44961
44995	44877	44833	44702
45116	44878	44896	44786
45167	44849	44830	44869
45007	44861	44948	44942
45033	44904	44792	44866
45147	44742	44701	44761
45115	44904	44884	44873
44969	44907	44968	44843
45111	44670	44627	44897
44887	44689	44800	44851
45111	44835	44862	44930
45044	44887	44884	44948
45062	44892	44955	44878
45201	44824	44824	44989
45266	44935	44834	44904
45301	45017	45030	44984
45250	45074	44956	44900
45241	45029	44872	44872
45146	44888	44981	44990
45174	45001	45046	45208
45284	45112	45166	45264
45387	45172	45051	45166
45175	44921	44832	45010
45333	45165	45132	45134
45415	45099	45128	44979
45095	44991	45175	45200
45442	45211	45018	45146
45530	45401	45334	45228
45289	45224	45284	45196
45346	44989	44998	45178
45347	45264	45270	45299
45477	45293	45169	45017
45520	45262	45171	45099
45371	45206	45301	45108
45436	45195	45187	45345
45587	45385	45281	45312
45312	45053	45129	45188
45432	45192	45296	45341
45471	45170	45230	45163
45351	45151	45218	45155
45556	45247	45194	45277
45352	45191	45112	44980
45397	45063	45078	45255
45479	45288	45171	45210
45365	45273	45283	45241
45532	45318	45244	45245
45607	45276	45264	45475
45453	45260	45335	45335
45443	45267	45248	45205
45490	45082	45076	45393
45417	45203	44997	45022
45462	45356	45168	45227
45565	45370	45246	45161
45687	45410	45216	45282
45358	45280	45250	45216
45711	45440	45244	45306
45402	45306	45468	45465
45898	45533	45528	45649
45764	45417	45505	45560
45763	45496	45427	45544
45857	45437	45402	45479
