7	1.302487900483981	1.293773246077637	48.28	-37.958	1.365056439923586
9	1.208726505561948	1.216316662527328	59.751	-49.435	1.367513675885601
11	1.151717142443124	1.167469152101812	71.223	-60.915	4.157122519413735
13	1.100969128755678	1.133312248152831	82.670	-72.389	4.42587401381864
15	1.075062940975352	1.10771162648238	94.108	-83.842	4.446553787822668
17	1.045107000982444	1.087537828555143	105.54	-95.28	4.420675927344636
19	1.021173356859285	1.071025658826371	116.94	-106.72	4.244122628366615
21	1.007278165503489	1.057103352829025	128.34	-118.12	3.870602526632389
23	0.9949344356724156	1.045082365952547	139.7	-129.52	3.364316141613169
25	0.9909879532844925	1.034500102705154	151.06	-140.89	2.720244727817984
