corrn_curve_quadratic_TF
1.41109460
1.41076051
1.41042538
1.41009015
1.40975387
1.40941752
1.40908056
1.40874306
1.40840496
1.40806628
1.40772753
1.40738774
1.40704784
1.40670688
1.40636584
1.40602423
1.40568205
1.40533930
1.40499645
1.40465255
1.40430859
1.40396356
1.40361893
1.40327323
1.40292699
1.40258016
1.40223275
1.40188528
1.40153677
1.40118816
1.40083899
1.40048925
1.40013894
1.39978807
1.39943711
1.39908510
1.39873304
1.39838041
1.39802669
1.39767291
1.39731858
1.39696417
1.39660869
1.39625266
1.39589656
1.39553990
1.39518267
1.39482435
1.39446652
1.39410760
1.39374811
1.39338859
1.39302797
1.39266730
1.39230608
1.39194431
1.39158194
1.39121904
1.39085555
1.39049152
1.39012797
1.38976279
1.38939758
1.38903181
1.38866497
1.38829862
1.38793117
1.38756369
1.38719512
1.38682650
1.38645734
1.38608763
1.38571733
1.38534649
1.38497510
1.38460367
1.38423113
1.38385860
1.38348549
1.38311182
1.38273708
1.38236282
1.38198750
1.38161160
1.38123514
1.38085868
1.38048219
1.38010406
1.37972593
1.37934724
1.37896797
1.37858869
1.37820834
1.37782796
1.37744705
1.37706528
1.37668323
1.37630091
1.37591750
1.37553436
1.37515037
1.37476612
1.37438075
1.37399539
1.37360944
1.37322269
1.37283596
1.37244864
1.37206109
1.37167267
1.37128344
1.37089420
1.37050444
1.37011438
1.36972349
1.36933204
1.36894034
1.36854811
1.36815556
1.36776249
1.36736887
1.36697412
1.36657969
1.36618442
1.36578886
1.36539308
1.36499642
1.36459954
1.36420209
1.36380411
1.36340555
1.36300674
1.36260709
1.36220692
1.36180647
1.36140576
1.36100422
1.36060242
1.36020007
1.35979748
1.35939401
1.35899033
1.35858667
1.35818189
1.35777684
1.35737127
1.35696513
1.35655847
1.35615124
1.35574376
1.35533577
1.35492720
1.35451809
1.35410874
1.35369915
1.35328899
1.35287801
1.35246649
1.35205473
1.35164242
1.35123016
1.35081677
1.35040311
1.34998895
1.34957421
1.34915954
1.34874375
1.34832769
1.34791110
1.34749399
1.34707690
1.34665899
1.34624054
1.34582218
1.34540265
1.34498289
1.34456259
1.34414204
1.34372098
1.34329906
1.34287721
1.34245450
1.34203160
1.34160844
1.34118411
1.34076020
1.34033515
1.33990952
1.33948400
1.33905762
1.33863070
1.33820388
1.33777589
1.33734829
1.33691922
1.33649058
1.33606106
1.33563135
1.33520046
1.33476997
1.33433829
1.33390673
1.33347435
1.33304204
1.33260856
1.33217518
1.33174063
1.33130651
1.33087121
1.33043603
1.32999966
1.32956374
1.32912693
1.32868929
1.32825178
1.32781337
1.32737479
1.32693597
1.32649600
1.32605612
1.32561604
1.32517477
1.32473363
1.32429196
1.32384912
1.32340673
1.32296346
1.32251967
1.32207565
1.32163113
1.32118642
1.32074051
1.32029470
1.31984840
1.31940188
1.31895418
1.31850660
1.31805849
1.31760985
1.31716038
1.31671102
1.31626114
1.31581073
1.31536013
1.31490867
1.31445668
1.31400450
1.31355180
1.31309887
1.31264546
1.31219148
1.31173702
1.31128199
1.31082682
1.31037043
1.30991418
1.30945774
1.30900043
1.30854298
1.30808497
1.30762678
1.30716773
1.30670849
1.30624870
1.30578842
1.30532761
1.30486664
1.30440478
1.30394273
1.30348053
1.30301743
1.30255419
1.30209039
1.30162610
1.30116126
1.30069661
1.30023108
1.29976503
1.29929845
1.29883171
1.29836446
1.29789632
1.29742802
1.29695991
1.29649093
1.29602139
1.29555137
1.29508082
1.29460973
1.29413919
1.29366709
1.29319515
1.29272237
1.29224904
1.29177627
1.29130226
1.29082777
1.29035273
1.28987789
1.28940217
1.28892594
1.28844988
1.28797297
1.28749519
1.28701794
1.28653949
1.28606085
1.28558209
1.28510242
1.28462227
1.28414194
1.28366108
1.28317975
1.28269824
1.28221585
1.28173367
1.28125062
1.28076668
1.28028333
1.27979873
1.27931433
1.27882907
1.27834368
1.27785740
1.27737094
1.27688438
1.27639689
1.27590931
1.27542080
1.27493253
1.27444340
1.27395411
1.27346468
1.27297399
1.27248353
1.27199219
1.27150072
1.27100874
1.27051662
1.27002396
1.26953007
1.26903680
1.26854227
1.26804794
1.26755349
1.26705743
1.26656196
1.26606598
1.26556877
1.26507216
1.26457466
1.26407631
1.26357817
1.26307988
1.26258000
1.26208073
1.26158091
1.26108062
1.26057945
1.26007815
1.25957669
1.25907477
1.25857156
1.25806898
1.25756550
1.25706194
1.25655783
1.25605245
1.25554776
1.25504214
1.25453641
1.25403017
1.25352382
1.25301619
1.25250844
1.25200058
1.25149217
1.25098370
1.25047432
1.24996480
1.24945482
1.24894429
1.24843370
1.24792177
1.24741017
1.24689803
1.24638539
1.24587228
1.24535904
1.24484528
1.24433103
1.24381628
1.24330143
1.24278607
1.24227021
1.24175382
1.24123696
1.24072000
1.24020291
1.23968536
1.23916686
1.23864791
1.23812882
1.23760926
1.23708918
1.23656859
1.23604790
1.23552676
1.23500549
1.23448331
1.23396104
1.23343787
1.23291461
1.23239084
1.23186736
1.23134301
1.23081776
1.23029237
1.22976654
1.22924098
1.22871456
1.22818719
1.22765977
1.22713265
1.22660420
1.22607567
1.22554665
1.22501754
1.22448794
1.22395747
1.22342725
1.22289616
1.22236458
1.22183334
1.22130114
1.22076808
1.22023577
1.21970210
1.21916797
1.21863414
1.21809945
1.21756505
1.21702933
1.21649315
1.21595728
1.21542050
1.21488407
1.21434630
1.21380889
1.21327056
1.21273216
1.21219285
1.21165389
1.21111398
1.21057404
1.21003319
1.20949266
1.20895083
1.20840931
1.20786692
1.20732443
1.20678106
1.20623802
1.20569491
1.20515003
1.20460594
1.20406052
1.20351545
1.20297033
1.20242344
1.20187734
1.20132990
1.20078279
1.20023566
1.19968719
1.19913861
1.19859002
1.19804048
1.19749092
1.19694083
1.19639069
1.19583967
1.19528856
1.19473696
1.19418444
1.19363230
1.19307968
1.19252658
1.19197299
1.19141848
1.19086435
1.19030975
1.18975505
1.18919948
1.18864298
1.18808683
1.18753025
1.18697313
1.18641598
1.18585794
1.18529938
1.18474077
1.18418173
1.18362260
1.18306255
1.18250245
1.18194188
1.18138127
1.18081973
1.18025811
1.17969605
1.17913352
1.17857090
1.17800696
1.17744342
1.17687936
1.17631487
1.17574985
1.17518484
1.17461976
1.17405375
1.17348725
1.17292073
1.17235373
1.17178585
1.17121830
1.17064986
1.17008095
1.16951200
1.16894258
1.16837269
1.16780231
1.16723231
1.16666144
1.16609003
1.16551820
1.16494630
1.16437351
1.16380066
1.16322778
1.16265402
1.16208019
1.16150543
1.16093065
1.16035631
1.15978058
1.15920437
1.15862814
1.15805186
1.15747468
1.15689749
1.15631937
1.15574164
1.15516303
1.15458395
1.15400526
1.15342518
1.15284513
1.15226503
1.15168399
1.15110298
1.15052188
1.14993946
1.14935700
1.14877498
1.14819157
1.14760861
1.14702472
1.14644031
1.14585594
1.14527110
1.14468620
1.14410042
1.14351463
1.14292786
1.14234113
1.14175435
1.14116621
1.14057896
1.13999031
1.13940212
1.13881257
1.13822386
1.13763384
1.13704378
1.13645367
1.13586267
1.13527167
1.13467973
1.13408827
1.13349539
1.13290295
1.13231051
1.13171670
1.13112290
1.13052858
1.12993432
1.12933955
1.12874383
1.12814860
1.12755295
1.12695631
1.12635968
1.12576307
1.12516503
1.12456748
1.12396946
1.12337098
1.12277156
1.12217258
1.12157319
1.12097328
1.12037248
1.11977217
1.11917135
1.11857007
1.11796837
1.11736568
1.11676306
1.11616040
1.11555729
1.11495371
1.11434918
1.11374516
1.11314019
1.11253524
1.11193032
1.11132445
1.11071856
1.11011177
1.10950451
1.10889728
1.10828959
1.10768187
1.10707370
1.10646511
1.10585602
1.10524695
1.10463698
1.10402700
1.10341655
1.10280565
1.10219477
1.10158299
1.10097115
1.10035890
1.09974619
1.09913351
1.09851988
1.09790628
1.09729218
1.09667767
1.09606319
1.09544871
1.09483327
1.09421742
1.09360106
1.09298430
1.09236753
1.09175029
1.09113266
1.09051501
1.08989691
1.08927785
1.08865884
1.08803936
1.08741943
1.08680005
1.08617967
1.08555887
1.08493762
1.08431687
1.08369471
1.08307255
1.08244947
1.08182741
1.08120393
1.08057995
1.07995607
1.07933219
1.07870735
1.07808256
1.07745732
1.07683162
1.07620548
1.07557938
1.07495233
1.07432533
1.07369838
1.07307048
1.07244212
1.07181377
1.07118501
1.07055627
1.06992661
1.06929697
1.06866640
1.06803585
1.06740536
1.06677345
1.06614257
1.06551021
1.06487844
1.06424518
1.06361301
1.06297937
1.06234579
1.06171176
1.06107780
1.06044235
1.05980796
1.05917213
1.05853689
1.05790114
1.05726397
1.05662785
1.05599029
1.05535327
1.05471581
1.05407690
1.05343906
1.05279973
1.05216100
1.05152182
1.05088119
1.05024159
1.04960106
1.04896009
1.04831920
1.04767786
1.04703554
1.04639331
1.04575110
1.04510850
1.04446440
1.04382139
1.04317739
1.04253354
1.04188813
1.04124386
1.04059867
1.03995298
1.03930737
1.03866026
1.03801430
1.03736736
1.03671998
1.03607269
1.03542495
1.03477570
1.03412761
1.03347848
1.03282950
1.03218008
1.03153016
1.03087985
1.03022905
1.02957839
1.02892616
1.02827461
1.02762311
1.02697063
1.02631824
1.02566493
1.02501165
1.02435848
1.02370433
1.02305022
1.02239523
1.02174024
1.02108486
1.02042958
1.01977332
1.01911711
1.01846051
1.01780347
1.01714702
1.01648904
1.01583123
1.01517291
1.01451422
1.01385503
1.01319594
1.01253593
1.01187597
1.01121660
1.01055582
1.00989503
1.00923337
1.00857176
1.00790966
1.00724827
1.00658535
1.00592254
1.00525924
1.00459555
1.00393192
1.00326792
1.00260286
1.00193798
1.00127316
1.00060740
0.99994170
0.99927613
0.99860956
0.99794200
0.99727511
0.99660779
0.99594004
0.99527184
0.99460377
0.99393471
0.99326633
0.99259639
0.99192653
0.99125684
0.99058616
0.98991499
0.98924456
0.98857308
0.98790172
0.98722943
0.98655777
0.98588461
0.98521208
0.98453856
0.98386461
0.98319078
0.98251652
0.98184239
0.98116671
0.98049228
0.97981629
0.97914100
0.97846522
0.97778793
0.97711191
0.97643427
0.97575682
0.97507894
0.97440114
0.97372291
0.97304374
0.97236521
0.97168512
0.97100579
0.97032597
0.96964516
0.96896505
0.96828452
0.96760241
0.96692102
0.96623977
0.96555694
0.96487478
0.96419224
0.96350813
0.96282531
0.96214143
0.96145775
0.96077244
0.96008790
0.95940346
0.95871801
0.95803162
0.95734589
0.95665974
0.95597321
0.95528678
0.95459877
0.95391149
0.95322378
0.95253564
0.95184708
0.95115861
0.95046919
0.94977935
0.94908966
0.94839955
0.94770953
0.94701857
0.94632770
0.94563647
0.94494475
0.94425319
0.94356068
0.94286828
0.94217544
0.94148225
0.94078915
0.94009446
0.93940052
0.93870615
0.93801194
0.93731673
0.93662168
0.93592615
0.93523025
0.93453393
0.93383719
0.93313996
0.93244296
0.93174554
0.93104764
0.93034937
0.92965063
0.92895205
0.92825370
0.92755428
0.92685443
0.92615417
0.92545408
0.92475362
0.92405209
0.92335186
0.92265009
0.92194849
0.92124587
0.92054343
0.91984116
0.91913841
0.91843471
0.91773118
0.91702777
0.91632341
0.91561856
0.91491336
0.91420887
0.91350337
0.91279751
0.91209177
0.91138501
0.91067843
0.90997203
0.90926462
0.90855625
0.90784914
0.90714053
0.90643199
0.90572369
0.90501437
0.90430578
0.90359563
0.90288506
0.90217529
0.90146443
0.90075436
0.90004273
0.89933183
0.89861937
0.89790704
0.89719550
0.89648239
0.89576942
0.89505603
0.89434283
0.89362861
0.89291459
0.89220015
0.89148590
0.89077124
0.89005495
0.88934001
0.88862349
0.88790779
0.88719045
0.88647447
0.88575746
0.88503949
0.88432227
0.88360470
0.88288543
0.88216758
0.88144816
0.88072888
0.88000980
0.87928969
0.87856979
0.87784947
0.87712936
0.87640760
0.87568667
0.87496532
0.87424295
0.87352078
0.87279876
0.87207639
0.87135299
0.87062973
0.86990613
0.86918267
0.86845881
0.86773336
0.86700867
0.86628364
0.86555876
0.86483346
0.86410776
0.86338047
0.86265395
0.86192759
0.86120031
0.86047313
0.85974560
0.85901766
0.85828994
0.85756118
0.85683258
0.85610239
0.85537303
0.85464384
0.85391367
0.85318366
0.85245268
0.85172185
0.85099125
0.85025967
0.84952763
0.84879581
0.84806358
0.84733100
0.84659796
0.84586515
0.84513129
0.84439887
0.84366483
0.84293039
0.84219555
0.84146093
0.84072522
0.83998979
0.83925396
0.83851829
0.83778165
0.83704581
0.83630900
0.83557172
0.83483403
0.83409601
0.83335815
0.83262052
0.83188186
0.83114279
0.83040338
0.82966472
0.82892508
0.82818447
0.82744396
0.82670439
0.82596314
0.82522213
0.82448008
0.82373948
0.82299726
0.82225458
0.82151284
0.82076999
0.82002617
0.81928381
0.81853976
0.81779537
0.81705181
0.81630720
0.81556219
0.81481749
0.81407168
0.81332676
0.81258080
0.81183379
0.81108825
0.81034109
0.80959482
0.80884686
0.80809979
0.80735161
0.80660440
0.80585548
0.80510741
0.80435770
0.80360882
0.80285896
0.80210994
0.80135923
0.80060941
0.79985861
0.79910800
0.79835634
0.79760494
0.79685314
0.79610159
0.79534965
0.79459665
0.79384392
0.79309144
0.79233726
0.79158392
0.79082960
0.79007554
0.78932167
0.78856616
0.78781150
0.78705651
0.78630041
0.78554529
0.78478905
0.78403307
0.78327611
0.78251934
0.78176218
0.78100529
0.78024668
0.77948900
0.77873092
0.77797245
0.77721292
0.77645433
0.77569527
0.77493589
0.77417612
0.77341528
0.77265465
0.77189436
0.77113361
0.77037254
0.76961100
0.76884914
0.76808749
0.76732417
0.76656173
0.76579890
0.76503568
0.76427273
0.76350873
0.76274500
0.76198088
0.76121637
0.76045146
0.75968684
0.75892183
0.75815575
0.75739056
0.75662437
0.75585779
0.75509143
0.75432407
0.75355700
0.75278947
0.75202222
0.75125397
0.75048594
0.74971692
0.74894811
0.74817959
0.74741068
0.74664139
0.74587102
0.74510101
0.74433055
0.74356031
0.74278907
0.74201879
0.74124746
0.74047573
0.73970355
0.73893104
0.73815815
0.73738617
0.73661318
0.73583981
0.73506598
0.73429313
0.73351859
0.73274429
0.73196966
0.73119527
0.73042048
0.72964463
0.72886976
0.72809382
0.72731681
0.72654016
0.72576436
0.72498757
0.72420970
0.72343281
0.72265486
0.72187782
0.72109910
0.72031999
0.71954249
0.71876261
0.71798434
0.71720438
0.71642397
0.71564455
0.71486413
0.71408394
0.71330268
0.71252242
0.71174047
0.71095944
0.71017734
0.70939554
0.70861268
0.70783081
0.70704718
0.70626455
0.70548084
0.70469738
0.70391360
0.70312944
0.70234553
0.70156061
0.70077593
0.69999025
0.69920551
0.69841975
0.69763355
0.69684767
0.69606077
0.69527412
0.69448780
0.69369976
0.69291267
0.69212520
0.69133665
0.69054912
0.68976051
0.68897215
0.68818278
0.68739374
0.68660431
0.68581380
0.68502425
0.68423439
0.68344408
0.68265346
0.68186176
0.68107102
0.68027926
0.67948776
0.67869589
0.67790300
0.67711037
0.67631806
0.67552538
0.67473232
0.67393889
0.67314444
0.67235024
0.67155631
0.67076144
0.66996675
0.66917247
0.66837711
0.66758136
0.66678588
0.66599010
0.66519387
0.66439733
0.66360042
0.66280377
0.66200610
0.66120870
0.66041093
0.65961285
0.65881504
0.65801614
0.65721758
0.65641864
0.65561933
0.65481972
0.65402030
0.65321994
0.65241978
0.65161931
0.65081847
0.65001725
0.64921567
0.64841507
0.64761345
0.64681146
0.64600902
0.64520629
0.64440389
0.64360178
0.64279857
0.64199506
0.64119111
0.64038678
0.63958353
0.63877925
0.63797381
0.63716871
0.63636325
0.63555886
0.63475337
0.63394679
0.63314129
0.63233469
0.63152844
0.63072110
0.62991477
0.62910668
0.62829895
0.62749224
0.62668377
0.62587485
0.62506710
0.62425817
0.62344960
0.62264001
0.62182997
0.62102103
0.62021105
0.61940137
0.61859058
0.61777943
0.61696864
0.61615748
0.61534668
0.61453405
0.61372325
0.61291061
0.61209834
0.61128563
0.61047335
0.60965924
0.60884690
0.60803278
0.60721904
0.60640485
0.60559104
0.60477545
0.60396164
0.60314680
0.60233077
0.60151586
0.60069984
0.59988427
0.59906825
0.59825114
0.59743513
0.59661728
0.59580054
0.59498343
0.59416522
0.59334805
0.59253059
0.59171203
0.59089310
0.59007447
0.58925555
0.58843626
0.58761654
0.58679727
0.58597756
0.58515681
0.58433637
0.58351631
0.58269515
0.58187369
0.58105254
0.58023103
0.57940915
0.57858766
0.57776505
0.57694208
0.57611950
0.57529655
0.57447324
0.57365032
0.57282703
0.57200256
0.57117780
0.57035343
0.56952936
0.56870427
0.56787956
0.56705441
0.56622890
0.56540311
0.56457688
0.56375104
0.56292416
0.56209759
0.56127067
0.56044346
0.55961657
0.55878856
0.55796095
0.55713298
0.55630464
0.55547595
0.55464690
0.55381816
0.55298839
0.55215901
0.55132927
0.55050061
0.54967016
0.54883927
0.54800885
0.54717800
0.54634686
0.54551529
0.54468344
0.54385267
0.54302078
0.54218861
0.54135601
0.54052305
0.53969049
0.53885758
0.53802430
0.53718991
0.53635592
0.53552310
0.53468839
0.53385409
0.53301867
0.53218435
0.53134898
0.53051402
0.52967863
0.52884295
0.52800615
0.52717046
0.52633371
0.52549730
0.52466054
0.52382350
0.52298525
0.52214818
0.52131007
0.52047299
0.51963417
0.51879491
0.51795684
0.51711764
0.51627964
0.51543973
0.51459947
0.51376032
0.51291942
0.51207957
0.51123866
0.51039887
0.50955725
0.50871683
0.50787450
0.50703329
0.50619104
0.50534990
0.50450685
0.50366509
0.50282289
0.50197878
0.50113666
0.50029270
0.49944909
0.49860591
0.49776081
0.49691693
0.49607191
0.49522809
0.49438315
0.49353785
0.49269220
0.49184768
0.49100055
0.49015541
0.48930905
0.48846243
0.48761545
0.48676883
0.48592263
0.48507460
0.48422700
0.48337976
0.48253217
0.48168273
0.48083443
0.47998657
0.47913758
0.47828753
0.47743877
0.47658951
0.47573991
0.47489074
0.47404043
0.47318898
0.47233876
0.47148812
0.47063720
0.46978593
0.46893503
0.46808307
0.46723155
0.46637960
0.46552659
0.46467394
0.46382103
0.46296848
0.46211566
0.46126241
0.46040882
0.45955488
0.45870067
0.45784682
0.45699184
0.45613730
0.45528242
0.45442718
0.45357240
0.45271648
0.45186100
0.45100518
0.45014893
0.44929241
0.44843635
0.44757986
0.44672310
0.44586520
0.44500767
0.44414988
0.44329246
0.44243398
0.44157667
0.44071821
0.43985949
0.43900034
0.43814085
0.43728110
0.43642252
0.43556279
0.43470273
0.43384231
0.43298156
0.43212206
0.43126061
0.43039963
0.42953830
0.42867735
0.42781533
0.42695378
0.42609180
0.42522955
0.42436697
0.42350476
0.42264149
0.42177780
0.42091537
0.42005188
0.41918796
0.41832451
0.41745999
0.41659505
0.41573138
0.41486583
0.41400148
0.41313598
0.41227013
0.41140557
0.41053904
0.40967371
0.40880731
0.40794138
0.40707430
0.40620769
0.40534066
0.40447418
0.40360573
0.40273849
0.40187018
0.40100307
0.40013407
0.39926629
0.39839661
0.39752815
0.39665861
0.39579028
0.39492079
0.39405097
0.39318081
0.39231039
0.39144036
0.39057074
0.38969930
0.38882826
0.38795762
0.38708590
0.38621466
0.38534309
0.38447117
0.38359884
0.38272707
0.38185332
0.38098162
0.38010884
