corrn_curve_quartic
1.94069513
1.93741484
1.93413920
1.93087719
1.92761982
1.92437627
1.92114156
1.91791614
1.91469953
1.91149194
1.90829799
1.90510862
1.90193259
1.89876091
1.89560274
1.89245347
1.88931307
1.88618154
1.88306315
1.87994927
1.87684871
1.87375243
1.87067364
1.86759911
1.86453352
1.86147640
1.85842798
1.85539262
1.85236172
1.84934362
1.84633411
1.84333317
1.84034079
1.83735696
1.83438575
1.83141894
1.82846492
1.82551934
1.82257793
1.81964901
1.81672870
1.81382080
1.81091702
1.80802181
1.80513891
1.80226432
1.79939800
1.79653578
1.79369014
1.79084856
1.78801519
1.78519413
1.78237713
1.77957218
1.77677556
1.77398704
1.77120642
1.76843407
1.76566958
1.76291334
1.76017294
1.75743250
1.75470406
1.75198356
1.74926724
1.74656658
1.74386985
1.74118495
1.73850398
1.73583458
1.73317320
1.73051963
1.72787364
1.72523563
1.72260537
1.71998650
1.71737151
1.71476823
1.71217243
1.70958429
1.70700020
1.70443092
1.70186584
1.69930817
1.69675808
1.69421927
1.69169151
1.68916403
1.68664774
1.68413894
1.68163742
1.67914700
1.67666052
1.67418492
1.67171688
1.66925421
1.66680070
1.66435632
1.66191585
1.65948787
1.65706537
1.65465191
1.65224214
1.64984314
1.64745117
1.64506481
1.64268914
1.64032044
1.63796078
1.63560632
1.63325742
1.63091888
1.62858758
1.62626486
1.62394746
1.62163708
1.61933539
1.61704086
1.61475463
1.61247551
1.61020331
1.60793467
1.60567795
1.60342643
1.60118327
1.59894875
1.59671924
1.59449835
1.59228407
1.59007672
1.58787597
1.58568357
1.58349627
1.58131585
1.57914356
1.57697955
1.57482058
1.57266985
1.57052573
1.56838980
1.56625871
1.56413592
1.56202266
1.55991295
1.55781116
1.55571602
1.55362720
1.55154501
1.54946911
1.54740119
1.54533984
1.54328473
1.54123601
1.53919517
1.53716220
1.53513539
1.53311355
1.53109801
1.52909025
1.52708876
1.52509634
1.52310733
1.52112587
1.51915077
1.51718170
1.51522172
1.51326512
1.51131597
1.50937295
1.50743617
1.50550808
1.50358476
1.50166749
1.49975912
1.49785392
1.49595615
1.49406437
1.49217983
1.49030140
1.48842750
1.48656219
1.48470140
1.48284803
1.48100178
1.47915864
1.47732546
1.47549551
1.47367125
1.47185552
1.47004421
1.46823867
1.46644158
1.46464754
1.46286311
1.46108051
1.45930760
1.45753890
1.45577732
1.45401875
1.45226961
1.45052348
1.44878555
1.44705204
1.44532655
1.44360403
1.44188963
1.44017818
1.43847608
1.43677692
1.43508578
1.43339757
1.43171860
1.43004367
1.42837302
1.42671029
1.42505156
1.42339958
1.42175406
1.42011154
1.41847668
1.41684836
1.41522289
1.41360514
1.41199265
1.41038311
1.40878231
1.40718553
1.40559396
1.40400865
1.40242864
1.40085498
1.39928410
1.39772060
1.39616233
1.39461022
1.39306098
1.39151903
1.38998214
1.38845029
1.38692244
1.38540179
1.38388615
1.38237548
1.38087093
1.37937020
1.37787442
1.37638470
1.37489989
1.37342099
1.37194709
1.37047795
1.36901377
1.36755433
1.36610093
1.36465016
1.36320627
1.36176826
1.36033393
1.35890556
1.35748182
1.35606388
1.35464959
1.35324107
1.35183714
1.35043798
1.34904349
1.34765470
1.34626949
1.34488985
1.34351596
1.34214551
1.34078079
1.33942053
1.33806492
1.33671374
1.33536914
1.33402801
1.33269139
1.33135925
1.33003258
1.32871037
1.32739160
1.32607826
1.32477133
1.32346779
1.32216855
1.32087378
1.31958336
1.31829721
1.31701831
1.31574090
1.31446964
1.31320181
1.31193817
1.31068167
1.30942750
1.30817767
1.30693198
1.30569239
1.30445606
1.30322392
1.30199773
1.30077485
1.29955520
1.29834236
1.29713189
1.29592636
1.29472593
1.29352858
1.29233538
1.29114707
1.28996279
1.28878264
1.28760731
1.28643509
1.28526865
1.28410529
1.28294502
1.28179136
1.28063986
1.27949397
1.27835120
1.27721321
1.27607823
1.27494792
1.27382241
1.27269981
1.27158199
1.27046706
1.26935765
1.26825127
1.26714944
1.26605223
1.26495709
1.26386739
1.26278059
1.26169834
1.26061981
1.25954580
1.25847540
1.25740712
1.25634495
1.25528481
1.25422985
1.25317932
1.25213006
1.25108675
1.25004701
1.24900935
1.24797755
1.24694851
1.24592231
1.24490113
1.24388417
1.24286852
1.24185864
1.24085215
1.23984920
1.23884894
1.23785290
1.23686097
1.23587254
1.23488600
1.23390506
1.23292674
1.23195263
1.23098180
1.23001282
1.22904950
1.22808868
1.22713192
1.22617846
1.22522901
1.22428139
1.22333776
1.22239812
1.22146165
1.22052920
1.21959925
1.21867316
1.21775033
1.21683062
1.21591486
1.21500078
1.21409133
1.21318496
1.21228171
1.21138165
1.21048531
1.20959208
1.20870192
1.20781484
1.20693150
1.20605120
1.20517395
1.20429965
1.20342844
1.20256090
1.20169695
1.20083605
1.19997739
1.19912175
1.19826965
1.19742055
1.19657432
1.19573100
1.19489124
1.19405443
1.19322108
1.19238996
1.19156234
1.19073692
1.18991498
1.18909587
1.18828078
1.18746792
1.18665722
1.18584987
1.18504535
1.18424478
1.18344640
1.18265007
1.18185716
1.18106813
1.18028057
1.17949633
1.17871476
1.17793648
1.17716086
1.17638735
1.17561757
1.17484987
1.17408480
1.17332353
1.17256420
1.17180693
1.17105400
1.17030241
1.16955343
1.16880811
1.16806481
1.16732512
1.16658680
1.16585104
1.16511887
1.16438860
1.16366195
1.16293663
1.16221489
1.16149503
1.16077816
1.16006315
1.15935167
1.15864198
1.15793529
1.15723043
1.15652899
1.15582886
1.15513213
1.15443724
1.15374517
1.15305494
1.15236804
1.15168398
1.15100060
1.15032110
1.14964281
1.14896784
1.14829565
1.14762411
1.14695638
1.14628983
1.14562647
1.14496589
1.14430646
1.14364968
1.14299563
1.14234318
1.14169344
1.14104579
1.14040078
1.13975744
1.13911666
1.13847799
1.13784090
1.13720690
1.13657497
1.13594511
1.13531729
1.13469103
1.13406779
1.13344657
1.13282781
1.13221061
1.13159492
1.13098214
1.13037139
1.12976255
1.12915615
1.12855127
1.12794828
1.12734770
1.12674909
1.12615281
1.12555796
1.12496547
1.12437486
1.12378660
1.12319973
1.12261513
1.12203243
1.12145156
1.12087293
1.12029525
1.11972030
1.11914709
1.11857573
1.11800610
1.11743873
1.11687353
1.11630964
1.11574749
1.11518752
1.11462928
1.11407236
1.11351794
1.11296482
1.11241340
1.11186409
1.11131645
1.11077048
1.11022617
1.10968432
1.10914371
1.10860469
1.10806734
1.10753198
1.10699783
1.10646566
1.10593550
1.10540653
1.10487951
1.10435362
1.10382971
1.10330816
1.10278731
1.10226799
1.10175059
1.10123507
1.10072068
1.10020818
1.09969675
1.09918757
1.09867948
1.09817285
1.09766843
1.09716464
1.09666272
1.09616257
1.09566344
1.09516615
1.09467057
1.09417567
1.09368250
1.09319148
1.09270103
1.09221272
1.09172537
1.09123931
1.09075500
1.09027202
1.08979068
1.08931031
1.08883161
1.08835378
1.08787764
1.08740311
1.08692913
1.08645749
1.08598635
1.08551719
1.08504855
1.08458217
1.08411634
1.08365204
1.08318927
1.08272736
1.08226699
1.08180743
1.08134977
1.08089253
1.08043713
1.07998324
1.07952978
1.07907781
1.07862692
1.07817754
1.07772922
1.07728163
1.07683584
1.07639116
1.07594716
1.07550458
1.07506340
1.07462256
1.07418346
1.07374539
1.07330834
1.07287196
1.07243724
1.07200356
1.07157084
1.07113878
1.07070839
1.07027894
1.06985044
1.06942293
1.06899599
1.06857036
1.06814597
1.06772250
1.06729994
1.06687795
1.06645754
1.06603769
1.06561905
1.06520163
1.06478474
1.06436901
1.06395383
1.06353951
1.06312635
1.06271403
1.06230283
1.06189245
1.06148291
1.06107414
1.06066650
1.06025934
1.05985326
1.05944796
1.05904342
1.05863997
1.05823697
1.05783498
1.05743376
1.05703327
1.05663382
1.05623477
1.05583675
1.05543939
1.05504277
1.05464715
1.05425249
1.05385819
1.05346459
1.05307161
1.05267932
1.05228796
1.05189723
1.05150717
1.05111801
1.05072947
1.05034123
1.04995390
1.04956717
1.04918103
1.04879609
1.04841139
1.04802728
1.04764373
1.04726133
1.04687889
1.04649727
1.04611590
1.04573595
1.04535594
1.04497641
1.04459773
1.04421982
1.04384210
1.04346517
1.04308872
1.04271275
1.04233724
1.04196249
1.04158790
1.04121405
1.04084095
1.04046798
1.04009543
1.03972358
1.03935217
1.03898144
1.03861083
1.03824089
1.03787107
1.03750190
1.03713340
1.03676470
1.03639724
1.03602952
1.03566276
1.03529574
1.03492995
1.03456389
1.03419845
1.03383333
1.03346882
1.03310401
1.03274037
1.03237645
1.03201341
1.03165062
1.03128753
1.03092557
1.03056331
1.03020187
1.02984067
1.02947915
1.02911872
1.02875792
1.02839795
1.02803818
1.02767807
1.02731898
1.02695983
1.02660087
1.02624239
1.02588408
1.02552566
1.02516770
1.02481016
1.02445280
1.02409501
1.02373821
1.02338126
1.02302476
1.02266776
1.02231177
1.02195562
1.02159956
1.02124388
1.02088772
1.02053252
1.02017711
1.01982179
1.01946682
1.01911192
1.01875650
1.01840200
1.01804724
1.01769283
1.01733847
1.01698410
1.01662979
1.01627547
1.01592148
1.01556689
1.01521292
1.01485920
1.01450518
1.01415144
1.01379742
1.01344363
1.01309010
1.01273624
1.01238260
1.01202868
1.01167494
1.01132117
1.01096762
1.01061371
1.01025999
1.00990622
1.00955235
1.00919895
1.00884487
1.00849100
1.00813699
1.00778290
1.00742866
1.00707459
1.00672012
1.00636577
1.00601184
1.00565724
1.00530272
1.00494780
1.00459299
1.00423797
1.00388340
1.00352806
1.00317283
1.00281738
1.00246177
1.00210622
1.00175049
1.00139422
1.00103807
1.00068195
1.00032535
0.99996877
0.99961226
0.99925521
0.99889761
0.99854035
0.99818284
0.99782506
0.99746701
0.99710899
0.99675039
0.99639210
0.99603293
0.99567373
0.99531457
0.99495479
0.99459468
0.99423489
0.99387444
0.99351397
0.99315291
0.99279208
0.99243033
0.99206882
0.99170666
0.99134414
0.99098156
0.99061863
0.99025562
0.98989164
0.98952819
0.98916374
0.98879952
0.98843487
0.98806925
0.98770414
0.98733798
0.98697175
0.98660510
0.98623830
0.98587107
0.98550314
0.98513536
0.98476652
0.98439788
0.98402876
0.98365888
0.98328915
0.98291897
0.98254769
0.98217656
0.98180526
0.98143286
0.98106056
0.98068780
0.98031392
0.97994048
0.97956619
0.97919173
0.97881610
0.97844061
0.97806487
0.97768830
0.97731091
0.97693358
0.97655570
0.97617732
0.97579867
0.97541882
0.97503906
0.97465873
0.97427783
0.97389636
0.97351460
0.97313197
0.97274875
0.97236527
0.97198118
0.97159680
0.97121151
0.97082591
0.97043973
0.97005290
0.96966577
0.96927773
0.96888935
0.96850034
0.96811072
0.96772076
0.96732949
0.96693823
0.96654631
0.96615406
0.96576083
0.96536725
0.96497297
0.96457805
0.96418245
0.96378616
0.96338916
0.96299182
0.96259380
0.96219503
0.96179560
0.96139542
0.96099487
0.96059398
0.96019199
0.95978928
0.95938583
0.95898200
0.95857746
0.95817180
0.95776640
0.95735959
0.95695237
0.95654405
0.95613532
0.95572617
0.95531621
0.95490517
0.95449370
0.95408177
0.95366873
0.95325488
0.95284026
0.95242552
0.95200962
0.95159296
0.95117581
0.95075749
0.95033871
0.94991947
0.94949905
0.94907749
0.94865609
0.94823321
0.94780979
0.94738592
0.94696084
0.94653560
0.94610882
0.94568119
0.94525342
0.94482438
0.94439521
0.94396448
0.94353356
0.94310107
0.94266803
0.94223484
0.94180006
0.94136472
0.94092849
0.94049172
0.94005368
0.93961511
0.93917562
0.93873560
0.93829466
0.93785205
0.93740960
0.93696551
0.93652124
0.93607528
0.93562949
0.93518237
0.93473396
0.93428533
0.93383579
0.93338448
0.93293337
0.93248056
0.93202714
0.93157313
0.93111776
0.93066181
0.93020488
0.92974735
0.92928806
0.92882856
0.92836806
0.92790618
0.92744369
0.92698056
0.92651646
0.92605095
0.92558479
0.92511765
0.92464985
0.92418104
0.92371043
0.92323956
0.92276769
0.92229516
0.92182159
0.92134697
0.92087054
0.92039384
0.91991645
0.91943768
0.91895818
0.91847766
0.91799608
0.91751385
0.91703013
0.91654571
0.91605943
0.91557289
0.91508566
0.91459696
0.91410755
0.91361667
0.91312508
0.91263281
0.91213906
0.91164417
0.91114859
0.91065190
0.91015415
0.90965523
0.90915563
0.90865448
0.90815345
0.90765048
0.90714638
0.90664114
0.90613520
0.90562765
0.90511943
0.90461007
0.90409995
0.90358829
0.90307632
0.90256279
0.90204806
0.90153217
0.90101515
0.90049737
0.89997887
0.89945875
0.89893745
0.89841502
0.89789222
0.89736783
0.89684184
0.89631503
0.89578798
0.89525883
0.89472894
0.89419738
0.89366596
0.89313245
0.89259769
0.89206270
0.89152597
0.89098762
0.89044939
0.88990901
0.88936746
0.88882556
0.88828197
0.88773715
0.88719161
0.88664431
0.88609672
0.88554741
0.88499638
0.88444549
0.88389244
0.88333910
0.88278354
0.88222768
0.88167004
0.88111215
0.88055202
0.87999155
0.87942889
0.87886588
0.87830115
0.87773608
0.87716874
0.87660111
0.87603175
0.87546155
0.87488956
0.87431678
0.87374270
0.87316782
0.87259165
0.87201367
0.87143489
0.87085531
0.87027341
0.86969116
0.86910714
0.86852232
0.86793663
0.86734865
0.86676033
0.86617073
0.86557923
0.86498749
0.86439385
0.86379940
0.86320314
0.86260601
0.86200754
0.86140826
0.86080657
0.86020459
0.85960127
0.85899659
0.85839002
0.85778316
0.85717489
0.85656531
0.85595437
0.85534153
0.85472781
0.85411330
0.85349738
0.85288013
0.85226145
0.85164145
0.85102057
0.85039726
0.84977360
0.84914856
0.84852213
0.84789486
0.84726565
0.84663560
0.84600415
0.84537130
0.84473705
0.84410196
0.84346546
0.84282700
0.84218820
0.84154747
0.84090534
0.84026230
0.83961734
0.83897152
0.83832423
0.83767608
0.83702600
0.83637500
0.83572207
0.83506821
0.83441351
0.83375737
0.83309979
0.83244020
0.83177981
0.83111792
0.83045511
0.82979034
0.82912528
0.82845820
0.82778966
0.82711961
0.82644817
0.82577527
0.82510204
0.82442682
0.82375014
0.82307193
0.82239346
0.82171238
0.82103037
0.82034696
0.81966262
0.81897680
0.81828891
0.81760075
0.81691051
0.81621818
0.81552503
0.81483151
0.81413595
0.81343829
0.81274037
0.81204034
0.81134000
0.81063700
0.80993249
0.80922829
0.80852079
0.80781360
0.80710372
0.80639227
0.80568058
0.80496682
0.80425211
0.80353527
0.80281818
0.80209837
0.80137826
0.80065600
0.79993286
0.79920756
0.79848203
0.79775368
0.79702511
0.79629436
0.79556267
0.79482952
0.79409484
0.79335922
0.79262148
0.79188279
0.79114198
0.79040088
0.78965766
0.78891283
0.78816712
0.78741927
0.78667047
0.78592080
0.78516831
0.78441555
0.78366124
0.78290471
0.78214797
0.78138900
0.78062909
0.77986702
0.77910406
0.77833955
0.77757280
0.77680578
0.77603727
0.77526713
0.77449549
0.77372160
0.77294745
0.77217112
0.77139383
0.77061498
0.76983392
0.76905192
0.76826904
0.76748459
0.76669856
0.76591095
0.76512113
0.76433036
0.76353865
0.76274478
0.76194990
0.76115422
0.76035624
0.75955667
0.75875615
0.75795412
0.75715042
0.75634520
0.75553839
0.75473064
0.75392063
0.75310968
0.75229714
0.75148307
0.75066805
0.74985070
0.74903248
0.74821266
0.74739123
0.74656827
0.74574430
0.74491812
0.74409093
0.74326220
0.74243186
0.74159991
0.74076634
0.73993258
0.73909654
0.73825888
0.73741952
0.73657862
0.73573686
0.73489416
0.73404908
0.73320246
0.73235414
0.73150419
0.73065415
0.72980179
0.72894696
0.72809127
0.72723395
0.72637655
0.72551674
0.72465453
0.72379224
0.72292753
0.72206198
0.72119400
0.72032588
0.71945463
0.71858253
0.71771028
0.71683491
0.71595781
0.71508072
0.71420113
0.71332069
0.71243789
0.71155337
0.71066880
0.70978186
0.70889400
0.70800369
0.70711173
0.70621893
0.70532447
0.70442918
0.70353061
0.70263283
0.70173177
0.70082987
0.69992624
0.69902185
0.69811417
0.69720720
0.69629703
0.69538601
0.69447326
0.69355967
0.69264286
0.69172678
0.69080830
0.68988724
0.68896618
0.68804263
0.68711833
0.68619229
0.68526374
0.68433521
0.68340333
0.68247147
0.68153794
0.68060189
0.67966579
0.67872811
0.67778791
0.67684603
0.67590326
0.67495890
0.67401286
0.67306507
0.67211655
0.67116628
0.67021355
0.66925992
0.66830549
0.66734852
0.66638995
0.66543049
0.66446935
0.66350654
0.66254293
0.66157676
0.66060890
0.65964025
0.65866992
0.65769791
0.65672511
0.65575062
0.65477347
0.65379473
0.65281520
0.65183479
0.65085189
0.64986820
0.64888274
0.64789559
0.64690685
0.64591633
0.64492503
0.64393123
0.64293655
0.64194019
0.64094224
0.63994341
0.63894199
0.63793979
0.63693590
0.63593032
0.63492305
0.63391409
0.63290427
0.63189193
0.63087882
0.62986402
0.62884929
0.62783111
0.62681114
0.62579050
0.62476808
0.62374405
0.62271824
0.62169083
0.62066351
0.61963356
0.61860201
0.61756866
0.61653363
0.61549784
0.61446036
0.61342119
0.61237936
0.61133679
0.61029444
0.60924848
0.60820178
0.60715242
0.60610319
0.60505140
0.60399888
0.60294456
0.60188864
0.60083006
0.59977162
0.59871061
0.59764877
0.59658524
0.59552011
0.59445220
0.59338455
0.59231432
0.59124417
0.59017054
0.58909511
0.58801995
0.58694211
0.58586456
0.58478332
0.58370037
0.58261762
0.58153138
0.58044523
0.57935648
0.57826794
0.57717579
0.57608395
0.57498839
0.57389305
0.57279510
0.57169738
0.57059592
0.56949490
0.56839208
0.56728552
0.56618032
0.56507148
0.56396186
0.56285156
0.56173751
0.56062381
0.55950739
0.55839132
0.55727253
0.55615203
0.55502983
0.55390791
0.55278127
0.55165605
0.55052799
0.54939833
0.54826697
0.54713486
0.54600209
0.54486563
0.54372852
0.54259066
0.54145110
0.54030784
0.53916488
0.53802128
0.53687493
0.53572592
0.53457745
0.53342706
0.53227498
0.53112227
0.52996679
0.52880854
0.52765074
0.52649114
0.52532994
0.52416705
0.52300344
0.52183715
0.52067026
0.51950156
0.51833018
0.51715808
0.51598440
0.51481001
0.51363403
0.51245624
0.51127677
0.51009559
0.50891284
0.50772938
0.50654312
0.50535627
0.50416773
0.50297750
0.50178668
0.50059306
0.49939886
0.49820297
0.49700527
0.49580600
0.49460615
0.49340450
0.49220128
0.49099524
0.48978852
0.48858022
0.48737125
0.48615957
0.48494836
0.48373433
0.48251872
0.48130131
0.48008221
0.47886154
0.47764135
0.47641833
0.47519363
0.47396724
0.47273916
0.47151170
0.47028026
0.46904828
0.46781462
0.46658031
0.46534328
0.46410573
0.46286638
0.46162546
0.46038287
0.45913964
0.45789368
0.45664592
0.45539883
0.45414900
0.45289737
0.45164525
0.45039038
0.44913373
0.44787775
0.44661785
0.44535853
0.44409634
0.44283248
0.44156932
0.44030211
0.43903548
0.43776612
0.43649627
0.43522356
0.43395037
0.43267539
0.43140006
0.43012067
0.42884188
0.42756035
0.42627943
0.42499456
0.42371031
0.42242210
0.42113453
0.41984419
0.41855450
0.41726194
0.41596771
0.41467181
0.41337438
0.41207638
0.41077782
0.40947540
0.40817242
0.40686889
0.40556259
0.40425587
0.40294749
0.40163745
0.40032563
0.39901352
0.39769728
0.39638298
0.39506590
