corrn_curve_quadratic
1.48609838
1.48552094
1.48494252
1.48436470
1.48378590
1.48320775
1.48262936
1.48205083
1.48147206
1.48089311
1.48031480
1.47973551
1.47915683
1.47857711
1.47799805
1.47741880
1.47683936
1.47625972
1.47568070
1.47510069
1.47452134
1.47394095
1.47336202
1.47278205
1.47220194
1.47162160
1.47104107
1.47046119
1.46988033
1.46930007
1.46871963
1.46813901
1.46755819
1.46697718
1.46639679
1.46581541
1.46523469
1.46465378
1.46407183
1.46349051
1.46290903
1.46232818
1.46174629
1.46116425
1.46058283
1.46000123
1.45941943
1.45883661
1.45825529
1.45767293
1.45709039
1.45650852
1.45592560
1.45534331
1.45476087
1.45417825
1.45359539
1.45301240
1.45242917
1.45184580
1.45126391
1.45068012
1.45009700
1.44951370
1.44892940
1.44834657
1.44776271
1.44717952
1.44659528
1.44601168
1.44542792
1.44484399
1.44425982
1.44367552
1.44309102
1.44250716
1.44192225
1.44133806
1.44075364
1.44016904
1.43958343
1.43899927
1.43841416
1.43782881
1.43724328
1.43665843
1.43607421
1.43548812
1.43490271
1.43431712
1.43373130
1.43314616
1.43256001
1.43197450
1.43138885
1.43080254
1.43021648
1.42963066
1.42904384
1.42845809
1.42787172
1.42728560
1.42669844
1.42611195
1.42552524
1.42493796
1.42435135
1.42376452
1.42317799
1.42259079
1.42200302
1.42141589
1.42082862
1.42024156
1.41965389
1.41906603
1.41847842
1.41789067
1.41730308
1.41671536
1.41612746
1.41553850
1.41495067
1.41436222
1.41377397
1.41318603
1.41259742
1.41200911
1.41142058
1.41083190
1.41024300
1.40965436
1.40906510
1.40847570
1.40788651
1.40729757
1.40670802
1.40611872
1.40552925
1.40494002
1.40435014
1.40376055
1.40317162
1.40258167
1.40199194
1.40140207
1.40081197
1.40022174
1.39963129
1.39904109
1.39845075
1.39786019
1.39726945
1.39667897
1.39608875
1.39549830
1.39490728
1.39431607
1.39372513
1.39313401
1.39254354
1.39195206
1.39136079
1.39076939
1.39017776
1.38958684
1.38899490
1.38840317
1.38781127
1.38721923
1.38662780
1.38603580
1.38544362
1.38485215
1.38425961
1.38366734
1.38307488
1.38248265
1.38189028
1.38129729
1.38070496
1.38011201
1.37951937
1.37892695
1.37833346
1.37774113
1.37714777
1.37655420
1.37596133
1.37536784
1.37477417
1.37418121
1.37358719
1.37299427
1.37239989
1.37180667
1.37121278
1.37061920
1.37002455
1.36943102
1.36883642
1.36824253
1.36764806
1.36705426
1.36645940
1.36586525
1.36527003
1.36467597
1.36408084
1.36348643
1.36289095
1.36229663
1.36170164
1.36110607
1.36051123
1.35991571
1.35932051
1.35872553
1.35812953
1.35753420
1.35693915
1.35634302
1.35574761
1.35515203
1.35455542
1.35395993
1.35336382
1.35276754
1.35217148
1.35157529
1.35097937
1.35038238
1.34978607
1.34918963
1.34859342
1.34799618
1.34739962
1.34680288
1.34620597
1.34560847
1.34501166
1.34441467
1.34381751
1.34322063
1.34262312
1.34202543
1.34142802
1.34083044
1.34023308
1.33963560
1.33903790
1.33844007
1.33784202
1.33724430
1.33664549
1.33604737
1.33544953
1.33485107
1.33425292
1.33365456
1.33305648
1.33245777
1.33185934
1.33126069
1.33066191
1.33006296
1.32946429
1.32886499
1.32826593
1.32766720
1.32706779
1.32646871
1.32586941
1.32526998
1.32467033
1.32407142
1.32347189
1.32287218
1.32227230
1.32167270
1.32107293
1.32047253
1.31987241
1.31927303
1.31867303
1.31807280
1.31747245
1.31687193
1.31627119
1.31567165
1.31507061
1.31447027
1.31386935
1.31326821
1.31266826
1.31206724
1.31146608
1.31086471
1.31026408
1.30966283
1.30906140
1.30846067
1.30785936
1.30725742
1.30665663
1.30605481
1.30545323
1.30485198
1.30425005
1.30364800
1.30304619
1.30244422
1.30184211
1.30124025
1.30063776
1.30003602
1.29943365
1.29883065
1.29822886
1.29762598
1.29702380
1.29642104
1.29581857
1.29521547
1.29461261
1.29401009
1.29340690
1.29280404
1.29220051
1.29159772
1.29099436
1.29039124
1.28978841
1.28918449
1.28858132
1.28797752
1.28737402
1.28677035
1.28616697
1.28556337
1.28495873
1.28435531
1.28375079
1.28314698
1.28254347
1.28193844
1.28133460
1.28073058
1.28012551
1.27952162
1.27891710
1.27831199
1.27770760
1.27710345
1.27649784
1.27589341
1.27528876
1.27468399
1.27407859
1.27347349
1.27286863
1.27226366
1.27165758
1.27105270
1.27044717
1.26984199
1.26923660
1.26863011
1.26802490
1.26741900
1.26681341
1.26620765
1.26560219
1.26499562
1.26438936
1.26378340
1.26317722
1.26257140
1.26196494
1.26135873
1.26075240
1.26014586
1.25953967
1.25893233
1.25832580
1.25771906
1.25711216
1.25650514
1.25589837
1.25529144
1.25468434
1.25407707
1.25347011
1.25286299
1.25225569
1.25164819
1.25104056
1.25043324
1.24982618
1.24921900
1.24861114
1.24800316
1.24739543
1.24678759
1.24617954
1.24557132
1.24496341
1.24435538
1.24374761
1.24313920
1.24253110
1.24192236
1.24131393
1.24070533
1.24009747
1.23948902
1.23887993
1.23827110
1.23766216
1.23705395
1.23644515
1.23583566
1.23522653
1.23461814
1.23400864
1.23339944
1.23279008
1.23218103
1.23157182
1.23096202
1.23035290
1.22974320
1.22913333
1.22852425
1.22791448
1.22730412
1.22669503
1.22608477
1.22547440
1.22486476
1.22425454
1.22364506
1.22303446
1.22242374
1.22181377
1.22120316
1.22059334
1.21998240
1.21937225
1.21876147
1.21815100
1.21753989
1.21692957
1.21631856
1.21570792
1.21509663
1.21448609
1.21387448
1.21326362
1.21265217
1.21204098
1.21142920
1.21081817
1.21020745
1.20959514
1.20898410
1.20837194
1.20776058
1.20714953
1.20653689
1.20592552
1.20531303
1.20470130
1.20408993
1.20347743
1.20286521
1.20225336
1.20164081
1.20102864
1.20041625
1.19980418
1.19919152
1.19857914
1.19796659
1.19735340
1.19674101
1.19612846
1.19551575
1.19490288
1.19428937
1.19367666
1.19306379
1.19245120
1.19183801
1.19122417
1.19061110
1.18999791
1.18938451
1.18877144
1.18815777
1.18754390
1.18693034
1.18631668
1.18570329
1.18508926
1.18447555
1.18386169
1.18324815
1.18263396
1.18202005
1.18140603
1.18079185
1.18017795
1.17956297
1.17894879
1.17833441
1.17771992
1.17710523
1.17649090
1.17587686
1.17526217
1.17464732
1.17403280
1.17341813
1.17280285
1.17218829
1.17157314
1.17095783
1.17034284
1.16972770
1.16911240
1.16849694
1.16788225
1.16726696
1.16665147
1.16603586
1.16542054
1.16480462
1.16418898
1.16357367
1.16295777
1.16234214
1.16172587
1.16110993
1.16049482
1.15987856
1.15926215
1.15864607
1.15803028
1.15741388
1.15679782
1.15618111
1.15556518
1.15494864
1.15433195
1.15371604
1.15309898
1.15248231
1.15186593
1.15124890
1.15063225
1.15001583
1.14939838
1.14878121
1.14816487
1.14754739
1.14693073
1.14631343
1.14569592
1.14507880
1.14446152
1.14384453
1.14322693
1.14260968
1.14199173
1.14137416
1.14075688
1.14013851
1.13952141
1.13890317
1.13828576
1.13766726
1.13704999
1.13643167
1.13581364
1.13519590
1.13457756
1.13395955
1.13334090
1.13272309
1.13210412
1.13148595
1.13086811
1.13024918
1.12963058
1.12901179
1.12839338
1.12777477
1.12715551
1.12653708
1.12591856
1.12529933
1.12468044
1.12406189
1.12344220
1.12282335
1.12220434
1.12158517
1.12096536
1.12034634
1.11972721
1.11910788
1.11848794
1.11786885
1.11724955
1.11663011
1.11601055
1.11539030
1.11477044
1.11415087
1.11353115
1.11291128
1.11229075
1.11167107
1.11105074
1.11043075
1.10981111
1.10919081
1.10857082
1.10795021
1.10732946
1.10670905
1.10608849
1.10546823
1.10484782
1.10422730
1.10360658
1.10298620
1.10236523
1.10174455
1.10112372
1.10050273
1.09988210
1.09926086
1.09863987
1.09801878
1.09739754
1.09677664
1.09615509
1.09553390
1.09491250
1.09429099
1.09366984
1.09304899
1.09242749
1.09180588
1.09118407
1.09056216
1.08994055
1.08931879
1.08869693
1.08807536
1.08745365
1.08683129
1.08620927
1.08558711
1.08496479
1.08434333
1.08372116
1.08309890
1.08247648
1.08185487
1.08123215
1.08060974
1.07998671
1.07936501
1.07874219
1.07811917
1.07749656
1.07687425
1.07625128
1.07562867
1.07500591
1.07438300
1.07375994
1.07313724
1.07251388
1.07189087
1.07126823
1.07064492
1.07002146
1.06939832
1.06877507
1.06815213
1.06752858
1.06690534
1.06628149
1.06565795
1.06503477
1.06441048
1.06378751
1.06316337
1.06254010
1.06191566
1.06129260
1.06066837
1.06004451
1.05942049
1.05879683
1.05817201
1.05754851
1.05692390
1.05630016
1.05567622
1.05505116
1.05442743
1.05380258
1.05317855
1.05255438
1.05192909
1.05130513
1.05067999
1.05005574
1.04943133
1.04880580
1.04818156
1.04755671
1.04693171
1.04630708
1.04568229
1.04505685
1.04443177
1.04380700
1.04318214
1.04255611
1.04193141
1.04130605
1.04068111
1.04005494
1.03943017
1.03880479
1.03817920
1.03755399
1.03692760
1.03630260
1.03567694
1.03505114
1.03442570
1.03380011
1.03317335
1.03254798
1.03192191
1.03129625
1.03067044
1.03004444
1.02941834
1.02879204
1.02816616
1.02753905
1.02691288
1.02628703
1.02566051
1.02503437
1.02440761
1.02378117
1.02315510
1.02252837
1.02190196
1.02127498
1.02064828
1.02002148
1.01939505
1.01876796
1.01814119
1.01751432
1.01688731
1.01626113
1.01563378
1.01500684
1.01437971
1.01375249
1.01312507
1.01249802
1.01187036
1.01124302
1.01061653
1.00998895
1.00936164
1.00873377
1.00810623
1.00747848
1.00685169
1.00622371
1.00559610
1.00496830
1.00434040
1.00371283
1.00308516
1.00245678
1.00182882
1.00120119
1.00057294
0.99994502
0.99931748
0.99868927
0.99806039
0.99743242
0.99680430
0.99617603
0.99554762
0.99491959
0.99429089
0.99366309
0.99303410
0.99240544
0.99177721
0.99114832
0.99051922
0.98989109
0.98926223
0.98863375
0.98800466
0.98737641
0.98674703
0.98611851
0.98548931
0.98485997
0.98423101
0.98360191
0.98297319
0.98234327
0.98171479
0.98108511
0.98045635
0.97982738
0.97919728
0.97856860
0.97793868
0.97730920
0.97667957
0.97605028
0.97542084
0.97479078
0.97416158
0.97353119
0.97290176
0.97227213
0.97164184
0.97101245
0.97038293
0.96975220
0.96912239
0.96849297
0.96786234
0.96723258
0.96660273
0.96597168
0.96534207
0.96471174
0.96408185
0.96345070
0.96282053
0.96219068
0.96156017
0.96092904
0.96029877
0.95966837
0.95903787
0.95840771
0.95777634
0.95714590
0.95651531
0.95588458
0.95525371
0.95462318
0.95399203
0.95336074
0.95272983
0.95209879
0.95146808
0.95083675
0.95020576
0.94957468
0.94894341
0.94831253
0.94768103
0.94704987
0.94641856
0.94578717
0.94515612
0.94452386
0.94389253
0.94326105
0.94262997
0.94199821
0.94136685
0.94073529
0.94010365
0.93947186
0.93883994
0.93820782
0.93757615
0.93694434
0.93631234
0.93568025
0.93504796
0.93441607
0.93378463
0.93315246
0.93252015
0.93188770
0.93125565
0.93062351
0.92999064
0.92935918
0.92872657
0.92809435
0.92746146
0.92682897
0.92619687
0.92556458
0.92493167
0.92429915
0.92366698
0.92303418
0.92240120
0.92176812
0.92113593
0.92050306
0.91987011
0.91923750
0.91860422
0.91797134
0.91733885
0.91670569
0.91607190
0.91543948
0.91480596
0.91417273
0.91353995
0.91290649
0.91227392
0.91164019
0.91100632
0.91037339
0.90973973
0.90910700
0.90847312
0.90784012
0.90720596
0.90657215
0.90593927
0.90530524
0.90467155
0.90403773
0.90340430
0.90277020
0.90213651
0.90150267
0.90086924
0.90023567
0.89960088
0.89896752
0.89833300
0.89769942
0.89706463
0.89643126
0.89579722
0.89516255
0.89452878
0.89389492
0.89325979
0.89262614
0.89199133
0.89135687
0.89072282
0.89008808
0.88945376
0.88881929
0.88818523
0.88754995
0.88691562
0.88628115
0.88564601
0.88501127
0.88437688
0.88374241
0.88310726
0.88247247
0.88183759
0.88120307
0.88056841
0.87993258
0.87929764
0.87866263
0.87802797
0.87739318
0.87675825
0.87612215
0.87548694
0.87485210
0.87421668
0.87358156
0.87294636
0.87231103
0.87167610
0.87104050
0.87040525
0.86976883
0.86913336
0.86849825
0.86786252
0.86722714
0.86659113
0.86595548
0.86532025
0.86468438
0.86404833
0.86341269
0.86277691
0.86214106
0.86150501
0.86086938
0.86023306
0.85959820
0.85896217
0.85832600
0.85768969
0.85705380
0.85641717
0.85578101
0.85514472
0.85450878
0.85387222
0.85323657
0.85260028
0.85196381
0.85132721
0.85069053
0.85005420
0.84941829
0.84878170
0.84814498
0.84750817
0.84687223
0.84623565
0.84559845
0.84496155
0.84432567
0.84368856
0.84305187
0.84241449
0.84177858
0.84114149
0.84050421
0.83986795
0.83923095
0.83859333
0.83795717
0.83731977
0.83668230
0.83604574
0.83540850
0.83477112
0.83413422
0.83349658
0.83285991
0.83222256
0.83158452
0.83094795
0.83031020
0.82967342
0.82903540
0.82839836
0.82776057
0.82712382
0.82648582
0.82584875
0.82521049
0.82457315
0.82393519
0.82329814
0.82265985
0.82202254
0.82138459
0.82074702
0.82010876
0.81947092
0.81883295
0.81819540
0.81755772
0.81691936
0.81628141
0.81564389
0.81500513
0.81436730
0.81372883
0.81309079
0.81245311
0.81181425
0.81117631
0.81053830
0.80989954
0.80926182
0.80862336
0.80798533
0.80734666
0.80670836
0.80606993
0.80543193
0.80479268
0.80415442
0.80351603
0.80287750
0.80223829
0.80160006
0.80096165
0.80032316
0.79968454
0.79904523
0.79840630
0.79776784
0.79712921
0.79649049
0.79585159
0.79521262
0.79457402
0.79393423
0.79329537
0.79265638
0.79201726
0.79137857
0.79073919
0.79010024
0.78946116
0.78882195
0.78818262
0.78754371
0.78690467
0.78626494
0.78562615
0.78498673
0.78434717
0.78370799
0.78306818
0.78242879
0.78178923
0.78115009
0.78051032
0.77987093
0.77923090
0.77859124
0.77795203
0.77731268
0.77667320
0.77603303
0.77539335
0.77475349
0.77411400
0.77347388
0.77283476
0.77219494
0.77155500
0.77091487
0.77027467
0.76963434
0.76899495
0.76835493
0.76771478
0.76707444
0.76643511
0.76579457
0.76515441
0.76451418
0.76387433
0.76323436
0.76259369
0.76195402
0.76131366
0.76067261
0.76003205
0.75939238
0.75875207
0.75811107
0.75747107
0.75683038
0.75619064
0.75554970
0.75490862
0.75426906
0.75362774
0.75298792
0.75234691
0.75170571
0.75106551
0.75042468
0.74978423
0.74914309
0.74850295
0.74786161
0.74722122
0.74658014
0.74593949
0.74529815
0.74465782
0.74401623
0.74337565
0.74273437
0.74209348
0.74145251
0.74081142
0.74017072
0.73952938
0.73888842
0.73824682
0.73760618
0.73696490
0.73632344
0.73568242
0.73504076
0.73439949
0.73375866
0.73311662
0.73247554
0.73183433
0.73119243
0.73055154
0.72990996
0.72926876
0.72862692
0.72798553
0.72734401
0.72670180
0.72606054
0.72541922
0.72477771
0.72413614
0.72349387
0.72285256
0.72221060
0.72156904
0.72092735
0.72028503
0.71964309
0.71900160
0.71835998
0.71771824
0.71707637
0.71643387
0.71579175
0.71515002
0.71450771
0.71386574
0.71322427
0.71258210
0.71193981
0.71129791
0.71065594
0.71001379
0.70937157
0.70872922
0.70808727
0.70744468
0.70680248
0.70616016
0.70551777
0.70487577
0.70423307
0.70359082
0.70294845
0.70230596
0.70166340
0.70102117
0.70037836
0.69973589
0.69909335
0.69845068
0.69780789
0.69716498
0.69652304
0.69588045
0.69523775
0.69459486
0.69395190
0.69330940
0.69266729
0.69202449
0.69138161
0.69073856
0.69009538
0.68945324
0.68881045
0.68816690
0.68752381
0.68688059
0.68623840
0.68559552
0.68495193
0.68430938
0.68366612
0.68302332
0.68237982
0.68173730
0.68109355
0.68045026
0.67980795
0.67916441
0.67852069
0.67787807
0.67723468
0.67659176
0.67594819
0.67530443
0.67466172
0.67401836
0.67337540
0.67273174
0.67208795
0.67144463
0.67080118
0.67015819
0.66951392
0.66887126
0.66822733
0.66758385
0.66694019
0.66629705
0.66565262
0.66500976
0.66436567
0.66372204
0.66307823
0.66243488
0.66179031
0.66114730
0.66050364
0.65985923
0.65921585
0.65857177
0.65792821
0.65728448
0.65664003
0.65599663
0.65535195
0.65470831
0.65406455
0.65342008
0.65277660
0.65213306
0.65148881
0.65084444
0.65020048
0.64955645
0.64891231
0.64826798
0.64762418
0.64698019
0.64633556
0.64569134
0.64504757
0.64440311
0.64375858
0.64311446
0.64247021
0.64182585
0.64118195
0.64053735
0.63989262
0.63924836
0.63860398
0.63795948
0.63731544
0.63667129
0.63602637
0.63538139
0.63473687
0.63409276
0.63344801
0.63280372
0.63215925
0.63151467
0.63087002
0.63022519
0.62958083
0.62893582
0.62829123
0.62764651
0.62700173
0.62635736
0.62571228
0.62506767
0.62442294
0.62377810
0.62313313
0.62248804
0.62184337
0.62119804
0.62055319
0.61990821
0.61926424
0.61861902
0.61797363
0.61732877
0.61668373
0.61603863
0.61539335
0.61474801
0.61410368
0.61345863
0.61281353
0.61216825
0.61152284
0.61087791
0.61023287
0.60958770
0.60894182
0.60829642
0.60765208
0.60700644
0.60636127
0.60571539
0.60507052
0.60442500
0.60377995
0.60313472
0.60248943
0.60184344
0.60119845
0.60055280
0.59990758
0.59926224
0.59861683
0.59797066
0.59732556
0.59667980
0.59603499
0.59538900
0.59474283
0.59409773
0.59345192
0.59280718
0.59216113
0.59151497
0.59086981
0.59022347
0.58957808
0.58893204
0.58828701
0.58764074
0.58699553
0.58634902
0.58570353
0.58505737
0.58441224
0.58376579
0.58312048
0.58247499
0.58182820
0.58118307
0.58053670
0.57989074
0.57924526
0.57859848
0.57795277
0.57730634
0.57666100
0.57601493
0.57536876
0.57472246
0.57407719
0.57343006
0.57278461
0.57213839
0.57149211
0.57084571
0.57019974
0.56955424
0.56890750
0.56826123
0.56761539
0.56696943
0.56632222
0.56567603
0.56503032
0.56438390
0.56373682
0.56309089
0.56244471
0.56179843
0.56115262
0.56050610
0.55985887
0.55921271
0.55856639
0.55792000
0.55727350
0.55662743
0.55598070
0.55533445
0.55468803
0.55404095
0.55339430
0.55274759
0.55210131
0.55145497
0.55080846
0.55016183
0.54951508
0.54886828
0.54822191
0.54757482
0.54692822
0.54628150
0.54563466
0.54498832
0.54434125
0.54369468
0.54304799
0.54240112
0.54175420
0.54110776
0.54046116
0.53981449
0.53916711
0.53852016
0.53787315
0.53722658
0.53657934
0.53593313
0.53528621
0.53463924
0.53399209
0.53334482
0.53269750
0.53205121
0.53140421
0.53075709
0.53010986
0.52946251
0.52881626
0.52816869
0.52752160
0.52687440
0.52622763
0.52558021
0.52493327
0.52428616
0.52363900
0.52299172
0.52234488
0.52169737
0.52104969
0.52040311
0.51975587
0.51910846
0.51846154
0.51781396
0.51716620
0.51651955
0.51587163
0.51522474
0.51457714
0.51392943
0.51328281
0.51263487
0.51198797
0.51134041
0.51069334
0.51004556
0.50939826
0.50875080
0.50810389
0.50745565
0.50680845
0.50616059
0.50551378
0.50486569
0.50421865
0.50357035
0.50292308
0.50227515
0.50162827
0.50098067
0.50033295
0.49968513
0.49903725
0.49838980
0.49774280
0.49709458
0.49644680
0.49579945
0.49515145
0.49450394
0.49385632
0.49320859
0.49256068
0.49191334
0.49126466
0.49061764
0.48996996
