corrn_curve_linear
1.07679599
1.07665604
1.07651611
1.07637622
1.07623635
1.07609652
1.07595671
1.07581693
1.07567718
1.07553746
1.07539777
1.07525811
1.07511848
1.07497888
1.07483930
1.07469976
1.07456024
1.07442076
1.07428130
1.07414187
1.07400247
1.07386310
1.07372376
1.07358445
1.07344517
1.07330592
1.07316669
1.07302750
1.07288833
1.07274920
1.07261009
1.07247101
1.07233196
1.07219294
1.07205395
1.07191498
1.07177605
1.07163714
1.07149827
1.07135942
1.07122060
1.07108181
1.07094305
1.07080432
1.07066562
1.07052695
1.07038830
1.07024969
1.07011110
1.06997255
1.06983402
1.06969552
1.06955705
1.06941860
1.06928019
1.06914181
1.06900345
1.06886513
1.06872683
1.06858856
1.06845032
1.06831211
1.06817393
1.06803577
1.06789765
1.06775955
1.06762148
1.06748344
1.06734544
1.06720745
1.06706950
1.06693158
1.06679368
1.06665582
1.06651798
1.06638017
1.06624239
1.06610464
1.06596692
1.06582922
1.06569156
1.06555392
1.06541632
1.06527874
1.06514119
1.06500366
1.06486617
1.06472871
1.06459127
1.06445386
1.06431648
1.06417913
1.06404181
1.06390452
1.06376726
1.06363002
1.06349281
1.06335563
1.06321848
1.06308136
1.06294427
1.06280720
1.06267017
1.06253316
1.06239618
1.06225923
1.06212231
1.06198541
1.06184855
1.06171171
1.06157490
1.06143812
1.06130137
1.06116465
1.06102795
1.06089129
1.06075465
1.06061804
1.06048146
1.06034491
1.06020838
1.06007189
1.05993542
1.05979898
1.05966257
1.05952619
1.05938983
1.05925351
1.05911721
1.05898094
1.05884470
1.05870849
1.05857230
1.05843615
1.05830002
1.05816392
1.05802785
1.05789181
1.05775579
1.05761981
1.05748385
1.05734792
1.05721202
1.05707614
1.05694030
1.05680448
1.05666869
1.05653293
1.05639720
1.05626149
1.05612582
1.05599017
1.05585455
1.05571896
1.05558340
1.05544786
1.05531235
1.05517687
1.05504142
1.05490600
1.05477060
1.05463524
1.05449990
1.05436459
1.05422930
1.05409405
1.05395882
1.05382362
1.05368845
1.05355331
1.05341820
1.05328311
1.05314805
1.05301302
1.05287802
1.05274304
1.05260810
1.05247318
1.05233829
1.05220342
1.05206859
1.05193378
1.05179900
1.05166425
1.05152953
1.05139483
1.05126016
1.05112552
1.05099091
1.05085633
1.05072177
1.05058725
1.05045274
1.05031827
1.05018383
1.05004941
1.04991502
1.04978066
1.04964633
1.04951202
1.04937774
1.04924349
1.04910927
1.04897508
1.04884091
1.04870677
1.04857266
1.04843858
1.04830452
1.04817049
1.04803649
1.04790252
1.04776857
1.04763466
1.04750077
1.04736691
1.04723307
1.04709927
1.04696549
1.04683174
1.04669801
1.04656432
1.04643065
1.04629701
1.04616339
1.04602981
1.04589625
1.04576272
1.04562922
1.04549574
1.04536229
1.04522887
1.04509548
1.04496212
1.04482878
1.04469547
1.04456219
1.04442893
1.04429570
1.04416250
1.04402933
1.04389619
1.04376307
1.04362998
1.04349692
1.04336388
1.04323087
1.04309789
1.04296494
1.04283202
1.04269912
1.04256625
1.04243341
1.04230059
1.04216780
1.04203504
1.04190231
1.04176960
1.04163692
1.04150427
1.04137165
1.04123905
1.04110648
1.04097394
1.04084142
1.04070894
1.04057648
1.04044404
1.04031164
1.04017926
1.04004691
1.03991458
1.03978229
1.03965002
1.03951778
1.03938556
1.03925337
1.03912121
1.03898908
1.03885697
1.03872490
1.03859284
1.03846082
1.03832882
1.03819685
1.03806491
1.03793299
1.03780110
1.03766924
1.03753741
1.03740560
1.03727382
1.03714207
1.03701034
1.03687864
1.03674697
1.03661533
1.03648371
1.03635212
1.03622056
1.03608902
1.03595751
1.03582603
1.03569457
1.03556314
1.03543174
1.03530037
1.03516902
1.03503770
1.03490641
1.03477514
1.03464390
1.03451269
1.03438150
1.03425035
1.03411921
1.03398811
1.03385703
1.03372598
1.03359496
1.03346396
1.03333299
1.03320205
1.03307113
1.03294024
1.03280938
1.03267854
1.03254773
1.03241695
1.03228620
1.03215547
1.03202477
1.03189409
1.03176344
1.03163282
1.03150223
1.03137166
1.03124112
1.03111060
1.03098012
1.03084966
1.03071922
1.03058882
1.03045844
1.03032808
1.03019775
1.03006745
1.02993718
1.02980693
1.02967671
1.02954652
1.02941635
1.02928621
1.02915610
1.02902601
1.02889595
1.02876592
1.02863591
1.02850593
1.02837598
1.02824605
1.02811615
1.02798628
1.02785643
1.02772661
1.02759681
1.02746705
1.02733731
1.02720759
1.02707790
1.02694824
1.02681861
1.02668900
1.02655942
1.02642986
1.02630033
1.02617083
1.02604135
1.02591190
1.02578248
1.02565308
1.02552371
1.02539437
1.02526505
1.02513576
1.02500650
1.02487726
1.02474805
1.02461886
1.02448970
1.02436057
1.02423147
1.02410239
1.02397333
1.02384431
1.02371531
1.02358633
1.02345738
1.02332846
1.02319957
1.02307070
1.02294185
1.02281304
1.02268425
1.02255548
1.02242675
1.02229804
1.02216935
1.02204069
1.02191206
1.02178345
1.02165487
1.02152632
1.02139779
1.02126929
1.02114081
1.02101237
1.02088394
1.02075555
1.02062717
1.02049883
1.02037051
1.02024222
1.02011395
1.01998571
1.01985750
1.01972931
1.01960115
1.01947302
1.01934491
1.01921682
1.01908877
1.01896074
1.01883273
1.01870475
1.01857680
1.01844887
1.01832097
1.01819310
1.01806525
1.01793742
1.01780963
1.01768186
1.01755411
1.01742639
1.01729870
1.01717103
1.01704339
1.01691578
1.01678819
1.01666063
1.01653309
1.01640558
1.01627809
1.01615063
1.01602320
1.01589579
1.01576841
1.01564105
1.01551372
1.01538642
1.01525914
1.01513189
1.01500466
1.01487746
1.01475029
1.01462314
1.01449602
1.01436892
1.01424185
1.01411480
1.01398778
1.01386079
1.01373382
1.01360687
1.01347996
1.01335307
1.01322620
1.01309936
1.01297255
1.01284576
1.01271900
1.01259226
1.01246555
1.01233886
1.01221220
1.01208557
1.01195896
1.01183238
1.01170582
1.01157929
1.01145278
1.01132630
1.01119985
1.01107342
1.01094701
1.01082064
1.01069428
1.01056796
1.01044166
1.01031538
1.01018913
1.01006291
1.00993671
1.00981053
1.00968439
1.00955826
1.00943217
1.00930610
1.00918005
1.00905403
1.00892803
1.00880207
1.00867612
1.00855020
1.00842431
1.00829844
1.00817260
1.00804678
1.00792099
1.00779523
1.00766949
1.00754377
1.00741808
1.00729242
1.00716678
1.00704117
1.00691558
1.00679002
1.00666448
1.00653897
1.00641348
1.00628802
1.00616258
1.00603717
1.00591179
1.00578643
1.00566109
1.00553578
1.00541050
1.00528524
1.00516000
1.00503480
1.00490961
1.00478446
1.00465932
1.00453422
1.00440913
1.00428408
1.00415904
1.00403404
1.00390906
1.00378410
1.00365917
1.00353426
1.00340938
1.00328453
1.00315970
1.00303489
1.00291011
1.00278536
1.00266063
1.00253592
1.00241124
1.00228659
1.00216196
1.00203735
1.00191277
1.00178822
1.00166369
1.00153919
1.00141471
1.00129025
1.00116582
1.00104142
1.00091704
1.00079269
1.00066836
1.00054405
1.00041977
1.00029552
1.00017129
1.00004709
0.99992291
0.99979875
0.99967462
0.99955052
0.99942644
0.99930239
0.99917836
0.99905435
0.99893037
0.99880642
0.99868249
0.99855858
0.99843470
0.99831085
0.99818701
0.99806321
0.99793943
0.99781567
0.99769194
0.99756823
0.99744455
0.99732090
0.99719726
0.99707366
0.99695007
0.99682652
0.99670298
0.99657947
0.99645599
0.99633253
0.99620910
0.99608569
0.99596230
0.99583894
0.99571561
0.99559230
0.99546901
0.99534575
0.99522252
0.99509930
0.99497612
0.99485295
0.99472982
0.99460670
0.99448361
0.99436055
0.99423751
0.99411450
0.99399151
0.99386854
0.99374560
0.99362268
0.99349979
0.99337692
0.99325408
0.99313126
0.99300847
0.99288570
0.99276296
0.99264024
0.99251754
0.99239487
0.99227222
0.99214960
0.99202700
0.99190443
0.99178188
0.99165936
0.99153686
0.99141438
0.99129193
0.99116951
0.99104710
0.99092473
0.99080237
0.99068005
0.99055774
0.99043546
0.99031321
0.99019097
0.99006877
0.98994658
0.98982443
0.98970229
0.98958018
0.98945810
0.98933604
0.98921400
0.98909199
0.98897000
0.98884804
0.98872610
0.98860418
0.98848229
0.98836043
0.98823858
0.98811677
0.98799497
0.98787320
0.98775146
0.98762974
0.98750804
0.98738637
0.98726472
0.98714309
0.98702149
0.98689992
0.98677836
0.98665684
0.98653533
0.98641385
0.98629240
0.98617097
0.98604956
0.98592818
0.98580682
0.98568548
0.98556417
0.98544289
0.98532162
0.98520039
0.98507917
0.98495798
0.98483682
0.98471567
0.98459455
0.98447346
0.98435239
0.98423134
0.98411032
0.98398932
0.98386835
0.98374740
0.98362647
0.98350557
0.98338469
0.98326384
0.98314301
0.98302220
0.98290142
0.98278066
0.98265993
0.98253921
0.98241853
0.98229786
0.98217723
0.98205661
0.98193602
0.98181545
0.98169491
0.98157439
0.98145389
0.98133342
0.98121297
0.98109255
0.98097215
0.98085177
0.98073142
0.98061109
0.98049078
0.98037050
0.98025024
0.98013001
0.98000980
0.97988961
0.97976945
0.97964931
0.97952919
0.97940910
0.97928903
0.97916899
0.97904897
0.97892897
0.97880900
0.97868905
0.97856912
0.97844922
0.97832934
0.97820948
0.97808965
0.97796984
0.97785006
0.97773030
0.97761056
0.97749085
0.97737116
0.97725149
0.97713185
0.97701223
0.97689263
0.97677306
0.97665351
0.97653399
0.97641449
0.97629501
0.97617555
0.97605612
0.97593672
0.97581733
0.97569797
0.97557863
0.97545932
0.97534003
0.97522076
0.97510152
0.97498230
0.97486310
0.97474393
0.97462478
0.97450566
0.97438655
0.97426747
0.97414842
0.97402938
0.97391038
0.97379139
0.97367243
0.97355349
0.97343457
0.97331568
0.97319681
0.97307797
0.97295914
0.97284034
0.97272157
0.97260282
0.97248409
0.97236538
0.97224670
0.97212804
0.97200940
0.97189079
0.97177220
0.97165363
0.97153509
0.97141657
0.97129807
0.97117960
0.97106115
0.97094272
0.97082432
0.97070594
0.97058758
0.97046924
0.97035093
0.97023264
0.97011438
0.96999614
0.96987792
0.96975972
0.96964155
0.96952340
0.96940527
0.96928717
0.96916909
0.96905103
0.96893300
0.96881499
0.96869700
0.96857903
0.96846109
0.96834317
0.96822527
0.96810740
0.96798955
0.96787172
0.96775392
0.96763614
0.96751838
0.96740065
0.96728293
0.96716524
0.96704758
0.96692993
0.96681231
0.96669472
0.96657714
0.96645959
0.96634206
0.96622456
0.96610707
0.96598961
0.96587218
0.96575476
0.96563737
0.96552000
0.96540265
0.96528533
0.96516803
0.96505075
0.96493350
0.96481627
0.96469906
0.96458187
0.96446471
0.96434757
0.96423045
0.96411335
0.96399628
0.96387923
0.96376221
0.96364520
0.96352822
0.96341126
0.96329433
0.96317741
0.96306052
0.96294365
0.96282681
0.96270999
0.96259319
0.96247641
0.96235965
0.96224292
0.96212621
0.96200952
0.96189286
0.96177622
0.96165960
0.96154300
0.96142643
0.96130988
0.96119335
0.96107684
0.96096036
0.96084390
0.96072746
0.96061105
0.96049465
0.96037828
0.96026193
0.96014561
0.96002930
0.95991302
0.95979676
0.95968053
0.95956432
0.95944812
0.95933196
0.95921581
0.95909969
0.95898359
0.95886751
0.95875145
0.95863542
0.95851940
0.95840342
0.95828745
0.95817150
0.95805558
0.95793968
0.95782381
0.95770795
0.95759212
0.95747631
0.95736052
0.95724475
0.95712901
0.95701329
0.95689759
0.95678191
0.95666626
0.95655063
0.95643502
0.95631943
0.95620387
0.95608832
0.95597280
0.95585731
0.95574183
0.95562638
0.95551094
0.95539553
0.95528015
0.95516478
0.95504944
0.95493412
0.95481882
0.95470354
0.95458829
0.95447306
0.95435785
0.95424266
0.95412749
0.95401235
0.95389723
0.95378213
0.95366705
0.95355200
0.95343696
0.95332195
0.95320696
0.95309200
0.95297705
0.95286213
0.95274723
0.95263235
0.95251749
0.95240266
0.95228784
0.95217305
0.95205829
0.95194354
0.95182881
0.95171411
0.95159943
0.95148477
0.95137013
0.95125552
0.95114093
0.95102635
0.95091180
0.95079728
0.95068277
0.95056829
0.95045383
0.95033939
0.95022497
0.95011057
0.94999620
0.94988185
0.94976752
0.94965321
0.94953892
0.94942465
0.94931041
0.94919619
0.94908199
0.94896781
0.94885366
0.94873952
0.94862541
0.94851132
0.94839725
0.94828320
0.94816918
0.94805517
0.94794119
0.94782723
0.94771329
0.94759937
0.94748548
0.94737160
0.94725775
0.94714392
0.94703011
0.94691633
0.94680256
0.94668882
0.94657510
0.94646139
0.94634772
0.94623406
0.94612042
0.94600681
0.94589322
0.94577965
0.94566610
0.94555257
0.94543906
0.94532558
0.94521211
0.94509867
0.94498525
0.94487185
0.94475848
0.94464512
0.94453179
0.94441848
0.94430519
0.94419192
0.94407867
0.94396544
0.94385224
0.94373905
0.94362589
0.94351275
0.94339963
0.94328653
0.94317346
0.94306040
0.94294737
0.94283435
0.94272136
0.94260839
0.94249545
0.94238252
0.94226961
0.94215673
0.94204387
0.94193102
0.94181820
0.94170541
0.94159263
0.94147987
0.94136714
0.94125442
0.94114173
0.94102906
0.94091641
0.94080378
0.94069117
0.94057859
0.94046602
0.94035348
0.94024096
0.94012846
0.94001598
0.93990352
0.93979108
0.93967866
0.93956627
0.93945389
0.93934154
0.93922921
0.93911690
0.93900461
0.93889234
0.93878009
0.93866787
0.93855566
0.93844348
0.93833131
0.93821917
0.93810705
0.93799495
0.93788287
0.93777082
0.93765878
0.93754676
0.93743477
0.93732280
0.93721084
0.93709891
0.93698700
0.93687511
0.93676324
0.93665140
0.93653957
0.93642777
0.93631598
0.93620422
0.93609247
0.93598075
0.93586905
0.93575737
0.93564571
0.93553408
0.93542246
0.93531086
0.93519929
0.93508773
0.93497620
0.93486469
0.93475319
0.93464172
0.93453027
0.93441884
0.93430744
0.93419605
0.93408468
0.93397334
0.93386201
0.93375071
0.93363942
0.93352816
0.93341692
0.93330570
0.93319450
0.93308332
0.93297216
0.93286102
0.93274990
0.93263880
0.93252773
0.93241667
0.93230564
0.93219462
0.93208363
0.93197266
0.93186170
0.93175077
0.93163986
0.93152897
0.93141810
0.93130725
0.93119642
0.93108562
0.93097483
0.93086406
0.93075332
0.93064259
0.93053189
0.93042120
0.93031054
0.93019990
0.93008927
0.92997867
0.92986809
0.92975753
0.92964699
0.92953647
0.92942597
0.92931549
0.92920503
0.92909459
0.92898418
0.92887378
0.92876340
0.92865305
0.92854271
0.92843240
0.92832210
0.92821183
0.92810157
0.92799134
0.92788113
0.92777093
0.92766076
0.92755061
0.92744048
0.92733037
0.92722028
0.92711020
0.92700015
0.92689012
0.92678012
0.92667013
0.92656016
0.92645021
0.92634028
0.92623037
0.92612048
0.92601062
0.92590077
0.92579094
0.92568114
0.92557135
0.92546158
0.92535184
0.92524211
0.92513240
0.92502272
0.92491305
0.92480341
0.92469378
0.92458418
0.92447460
0.92436503
0.92425549
0.92414596
0.92403646
0.92392697
0.92381751
0.92370807
0.92359864
0.92348924
0.92337986
0.92327049
0.92316115
0.92305183
0.92294253
0.92283324
0.92272398
0.92261474
0.92250551
0.92239631
0.92228713
0.92217797
0.92206882
0.92195970
0.92185060
0.92174151
0.92163245
0.92152341
0.92141439
0.92130538
0.92119640
0.92108744
0.92097849
0.92086957
0.92076067
0.92065179
0.92054292
0.92043408
0.92032525
0.92021645
0.92010767
0.91999890
0.91989016
0.91978143
0.91967273
0.91956405
0.91945538
0.91934674
0.91923811
0.91912951
0.91902092
0.91891235
0.91880381
0.91869528
0.91858678
0.91847829
0.91836982
0.91826137
0.91815295
0.91804454
0.91793615
0.91782778
0.91771943
0.91761111
0.91750280
0.91739451
0.91728624
0.91717799
0.91706976
0.91696155
0.91685336
0.91674518
0.91663703
0.91652890
0.91642079
0.91631269
0.91620462
0.91609657
0.91598853
0.91588052
0.91577252
0.91566455
0.91555659
0.91544866
0.91534074
0.91523284
0.91512496
0.91501711
0.91490927
0.91480145
0.91469365
0.91458587
0.91447811
0.91437037
0.91426264
0.91415494
0.91404726
0.91393960
0.91383195
0.91372433
0.91361672
0.91350914
0.91340157
0.91329402
0.91318650
0.91307899
0.91297150
0.91286403
0.91275658
0.91264915
0.91254174
0.91243435
0.91232697
0.91221962
0.91211229
0.91200497
0.91189768
0.91179040
0.91168314
0.91157591
0.91146869
0.91136149
0.91125431
0.91114715
0.91104001
0.91093289
0.91082579
0.91071870
0.91061164
0.91050459
0.91039757
0.91029056
0.91018357
0.91007661
0.90996966
0.90986273
0.90975582
0.90964892
0.90954205
0.90943520
0.90932837
0.90922155
0.90911475
0.90900798
0.90890122
0.90879448
0.90868776
0.90858106
0.90847438
0.90836772
0.90826108
0.90815445
0.90804785
0.90794126
0.90783469
0.90772815
0.90762162
0.90751511
0.90740862
0.90730214
0.90719569
0.90708926
0.90698284
0.90687645
0.90677007
0.90666371
0.90655737
0.90645105
0.90634475
0.90623847
0.90613221
0.90602596
0.90591974
0.90581353
0.90570734
0.90560117
0.90549502
0.90538889
0.90528278
0.90517668
0.90507061
0.90496455
0.90485852
0.90475250
0.90464650
0.90454052
0.90443456
0.90432861
0.90422269
0.90411678
0.90401090
0.90390503
0.90379918
0.90369335
0.90358754
0.90348174
0.90337597
0.90327021
0.90316448
0.90305876
0.90295306
0.90284738
0.90274172
0.90263607
0.90253045
0.90242484
0.90231925
0.90221368
0.90210813
0.90200260
0.90189709
0.90179159
0.90168612
0.90158066
0.90147522
0.90136980
0.90126440
0.90115902
0.90105365
0.90094831
0.90084298
0.90073767
0.90063238
0.90052711
0.90042186
0.90031662
0.90021141
0.90010621
0.90000103
0.89989587
0.89979072
0.89968560
0.89958050
0.89947541
0.89937034
0.89926529
0.89916026
0.89905524
0.89895025
0.89884527
0.89874032
0.89863538
0.89853045
0.89842555
0.89832067
0.89821580
0.89811095
0.89800612
0.89790131
0.89779652
0.89769174
0.89758699
0.89748225
0.89737753
0.89727283
0.89716815
0.89706348
0.89695883
0.89685421
0.89674960
0.89664500
0.89654043
0.89643588
0.89633134
0.89622682
0.89612232
0.89601784
0.89591337
0.89580893
0.89570450
0.89560009
0.89549570
0.89539132
0.89528697
0.89518263
0.89507831
0.89497401
0.89486973
0.89476546
0.89466122
0.89455699
0.89445278
0.89434859
0.89424441
0.89414026
0.89403612
0.89393200
0.89382790
0.89372381
0.89361975
0.89351570
0.89341167
0.89330766
0.89320366
0.89309969
0.89299573
0.89289179
0.89278787
0.89268396
0.89258008
0.89247621
0.89237236
0.89226853
0.89216471
0.89206092
0.89195714
0.89185338
0.89174963
0.89164591
0.89154220
0.89143851
0.89133484
0.89123119
0.89112755
0.89102394
0.89092034
0.89081675
0.89071319
0.89060964
0.89050612
0.89040260
0.89029911
0.89019564
0.89009218
0.88998874
0.88988532
0.88978191
0.88967853
0.88957516
0.88947181
0.88936848
0.88926516
0.88916186
0.88905858
0.88895532
0.88885208
0.88874885
0.88864564
0.88854245
0.88843927
0.88833612
0.88823298
0.88812986
0.88802676
0.88792367
0.88782060
0.88771755
0.88761452
0.88751150
0.88740851
0.88730553
0.88720256
0.88709962
0.88699669
0.88689378
0.88679089
0.88668801
0.88658516
0.88648232
0.88637950
0.88627669
0.88617390
0.88607113
0.88596838
0.88586565
0.88576293
0.88566023
0.88555755
0.88545488
0.88535224
