corrn_curve_quartic_TF
1.61510624
1.61297700
1.61085024
1.60873179
1.60661581
1.60450826
1.60240593
1.60030909
1.59821745
1.59613115
1.59405319
1.59197768
1.58991033
1.58784528
1.58578852
1.58373703
1.58169080
1.57964984
1.57761693
1.57558646
1.57356416
1.57154415
1.56953505
1.56752822
1.56552673
1.56353028
1.56153901
1.55955579
1.55757498
1.55560205
1.55363426
1.55167158
1.54971402
1.54776157
1.54581691
1.54387465
1.54194029
1.54001099
1.53808394
1.53616461
1.53425047
1.53234399
1.53043975
1.52854067
1.52664922
1.52476276
1.52288128
1.52100204
1.51913323
1.51726664
1.51540501
1.51355103
1.51169927
1.50985499
1.50801575
1.50618142
1.50435184
1.50252728
1.50070746
1.49889264
1.49708784
1.49528259
1.49348482
1.49169187
1.48990126
1.48812056
1.48634204
1.48457091
1.48280197
1.48104026
1.47928344
1.47753137
1.47578391
1.47404132
1.47230346
1.47057273
1.46884418
1.46712298
1.46540634
1.46369437
1.46198471
1.46028446
1.45858661
1.45689330
1.45520462
1.45352304
1.45184842
1.45017360
1.44850585
1.44684269
1.44518398
1.44353229
1.44188285
1.44024027
1.43860235
1.43696764
1.43533866
1.43371540
1.43209438
1.43048132
1.42887156
1.42726746
1.42566548
1.42407032
1.42247950
1.42089208
1.41931144
1.41773511
1.41616447
1.41459697
1.41303284
1.41147529
1.40992224
1.40837460
1.40683019
1.40529014
1.40375557
1.40222546
1.40070059
1.39918015
1.39766403
1.39614998
1.39464358
1.39314036
1.39164242
1.39014997
1.38866057
1.38717663
1.38569682
1.38422136
1.38275003
1.38128400
1.37982110
1.37836252
1.37690910
1.37546095
1.37401590
1.37257610
1.37114045
1.36971002
1.36828256
1.36686041
1.36544437
1.36403046
1.36262159
1.36121693
1.35981626
1.35841977
1.35702727
1.35563986
1.35425661
1.35287730
1.35150205
1.35013184
1.34876668
1.34740542
1.34604726
1.34469310
1.34334394
1.34199877
1.34065946
1.33932222
1.33798983
1.33666149
1.33533699
1.33401840
1.33270185
1.33139011
1.33008228
1.32877844
1.32748023
1.32618504
1.32489372
1.32360818
1.32232458
1.32104579
1.31977083
1.31850057
1.31723422
1.31597074
1.31471285
1.31345783
1.31220763
1.31096204
1.30971837
1.30848124
1.30724611
1.30601464
1.30478875
1.30356568
1.30234633
1.30113251
1.29992059
1.29871499
1.29751047
1.29631233
1.29511687
1.29392606
1.29273714
1.29155443
1.29037360
1.28919817
1.28802558
1.28685826
1.28569281
1.28453270
1.28337445
1.28222238
1.28107216
1.27992724
1.27878416
1.27764720
1.27651284
1.27538126
1.27425490
1.27313114
1.27201181
1.27089675
1.26978359
1.26867551
1.26757173
1.26646977
1.26537293
1.26427955
1.26318805
1.26210237
1.26101931
1.25993967
1.25886418
1.25779218
1.25672439
1.25565838
1.25459728
1.25353964
1.25248608
1.25143438
1.25038754
1.24934404
1.24830388
1.24726634
1.24623362
1.24520421
1.24417810
1.24315606
1.24213655
1.24112032
1.24010813
1.23909921
1.23809423
1.23709258
1.23609410
1.23509893
1.23410691
1.23311894
1.23213269
1.23115106
1.23017337
1.22919813
1.22822689
1.22725874
1.22629449
1.22533268
1.22437473
1.22341986
1.22246820
1.22151967
1.22057497
1.21963268
1.21869413
1.21775946
1.21682710
1.21589860
1.21497311
1.21405075
1.21313138
1.21221646
1.21130388
1.21039434
1.20948783
1.20858503
1.20768524
1.20678778
1.20589400
1.20500457
1.20411743
1.20323321
1.20235203
1.20147380
1.20059847
1.19972807
1.19885869
1.19799349
1.19713063
1.19627062
1.19541547
1.19456193
1.19371134
1.19286357
1.19201998
1.19117861
1.19034011
1.18950567
1.18867350
1.18784355
1.18701826
1.18619460
1.18537433
1.18455755
1.18374289
1.18293109
1.18212264
1.18131697
1.18051414
1.17971463
1.17891726
1.17812387
1.17733261
1.17654349
1.17575890
1.17497584
1.17419663
1.17341960
1.17264585
1.17187421
1.17110579
1.17034070
1.16957763
1.16881787
1.16806013
1.16730620
1.16655439
1.16580573
1.16506028
1.16431630
1.16357608
1.16283789
1.16210288
1.16137045
1.16064117
1.15991441
1.15918917
1.15846815
1.15774859
1.15703262
1.15631974
1.15560782
1.15490000
1.15419470
1.15349089
1.15279115
1.15209337
1.15139760
1.15070533
1.15001602
1.14932769
1.14864336
1.14796144
1.14728201
1.14660451
1.14592996
1.14525831
1.14458913
1.14392133
1.14325744
1.14259543
1.14193637
1.14127965
1.14062430
1.13997288
1.13932328
1.13867654
1.13803214
1.13739059
1.13675038
1.13611300
1.13547844
1.13484614
1.13421669
1.13358905
1.13296414
1.13234158
1.13172124
1.13110370
1.13048744
1.12987443
1.12926363
1.12865508
1.12804882
1.12744521
1.12684382
1.12624466
1.12564771
1.12505343
1.12446135
1.12387145
1.12328370
1.12269818
1.12211528
1.12153494
1.12095681
1.12038034
1.11980605
1.11923431
1.11866474
1.11809725
1.11753188
1.11696906
1.11640838
1.11585020
1.11529367
1.11473965
1.11418728
1.11363741
1.11308961
1.11254467
1.11200139
1.11145974
1.11092050
1.11038334
1.10984899
1.10931628
1.10878512
1.10825643
1.10773051
1.10720576
1.10668340
1.10616302
1.10564502
1.10512897
1.10461452
1.10410274
1.10359255
1.10308429
1.10257875
1.10207470
1.10157222
1.10107282
1.10057450
1.10007812
1.09958437
1.09909215
1.09860254
1.09811403
1.09762743
1.09714341
1.09666086
1.09618090
1.09570203
1.09522575
1.09475091
1.09427826
1.09380706
1.09333840
1.09287113
1.09240605
1.09194240
1.09148122
1.09102112
1.09056347
1.09010726
1.08965313
1.08920042
1.08875013
1.08830192
1.08785439
1.08740963
1.08696588
1.08652454
1.08608525
1.08564661
1.08521070
1.08477579
1.08434320
1.08391265
1.08348310
1.08305550
1.08262992
1.08220562
1.08178332
1.08136263
1.08094388
1.08052646
1.08011095
1.07969705
1.07928442
1.07887403
1.07846523
1.07805801
1.07765237
1.07724798
1.07684578
1.07644515
1.07604634
1.07564879
1.07525247
1.07485828
1.07446564
1.07407449
1.07368515
1.07329705
1.07291042
1.07252558
1.07214227
1.07176071
1.07138032
1.07100170
1.07062454
1.07024914
1.06987489
1.06950235
1.06913127
1.06876163
1.06839368
1.06802659
1.06766150
1.06729779
1.06693551
1.06657459
1.06621538
1.06585780
1.06550131
1.06514620
1.06479273
1.06444062
1.06408961
1.06374045
1.06339238
1.06304564
1.06270051
1.06235670
1.06201420
1.06167301
1.06133364
1.06099533
1.06065828
1.06032254
1.05998832
1.05965514
1.05932346
1.05899330
1.05866417
1.05833652
1.05800985
1.05768468
1.05736126
1.05703855
1.05671706
1.05639703
1.05607845
1.05576083
1.05544467
1.05512944
1.05481587
1.05450326
1.05419182
1.05388201
1.05357287
1.05326516
1.05295881
1.05265336
1.05234932
1.05204660
1.05174457
1.05144388
1.05114478
1.05084630
1.05054941
1.05025337
1.04995840
1.04966477
1.04937222
1.04908095
1.04879053
1.04850141
1.04821309
1.04792607
1.04764030
1.04735514
1.04707166
1.04678876
1.04650733
1.04622648
1.04594727
1.04566866
1.04539125
1.04511502
1.04483959
1.04456535
1.04429187
1.04401979
1.04374823
1.04347805
1.04320903
1.04294055
1.04267322
1.04240681
1.04214155
1.04187720
1.04161355
1.04135124
1.04108985
1.04082912
1.04056951
1.04031098
1.04005293
1.03979616
1.03954026
1.03928523
1.03903086
1.03877772
1.03852546
1.03827402
1.03802323
1.03777367
1.03752492
1.03727700
1.03702990
1.03678340
1.03653791
1.03629341
1.03604969
1.03580676
1.03556442
1.03532324
1.03508264
1.03484300
1.03460430
1.03436617
1.03412896
1.03389231
1.03365641
1.03342143
1.03318717
1.03295380
1.03272115
1.03248922
1.03225798
1.03202762
1.03179779
1.03156881
1.03134051
1.03111289
1.03088612
1.03065986
1.03043439
1.03020961
1.02998547
1.02976215
1.02953929
1.02931725
1.02909581
1.02887501
1.02865501
1.02843577
1.02821697
1.02799878
1.02778117
1.02756416
1.02734790
1.02713222
1.02691712
1.02670275
1.02648894
1.02627552
1.02606282
1.02585067
1.02563905
1.02542832
1.02521792
1.02500807
1.02479874
1.02459024
1.02438193
1.02417427
1.02396697
1.02376064
1.02355448
1.02334878
1.02314375
1.02293934
1.02273522
1.02253174
1.02232871
1.02212613
1.02192399
1.02172246
1.02152120
1.02132053
1.02112045
1.02092063
1.02072121
1.02052236
1.02032392
1.02012603
1.01992838
1.01973126
1.01953438
1.01933803
1.01914220
1.01894644
1.01875150
1.01855661
1.01836237
1.01816817
1.01797478
1.01778142
1.01758854
1.01739598
1.01720391
1.01701183
1.01682052
1.01662921
1.01643852
1.01624810
1.01605768
1.01586800
1.01567829
1.01548916
1.01530030
1.01511140
1.01492321
1.01473497
1.01454728
1.01435983
1.01417234
1.01398550
1.01379875
1.01361223
1.01342608
1.01324014
1.01305426
1.01286873
1.01268353
1.01249855
1.01231344
1.01212896
1.01194451
1.01176039
1.01157613
1.01139248
1.01120885
1.01102536
1.01084217
1.01065882
1.01047606
1.01029328
1.01011063
1.00992825
1.00974598
1.00956354
1.00938164
1.00919969
1.00901800
1.00883640
1.00865488
1.00847345
1.00829208
1.00811096
1.00792958
1.00774859
1.00756779
1.00738689
1.00720619
1.00702539
1.00684478
1.00666434
1.00648378
1.00630339
1.00612289
1.00594252
1.00576219
1.00558200
1.00540166
1.00522146
1.00504126
1.00486104
1.00468109
1.00450081
1.00432067
1.00414048
1.00396026
1.00377999
1.00359982
1.00341946
1.00323918
1.00305911
1.00287871
1.00269836
1.00251781
1.00233731
1.00215671
1.00197633
1.00179556
1.00161484
1.00143399
1.00125305
1.00107213
1.00089110
1.00070978
1.00052850
1.00034722
1.00016566
0.99998410
0.99980254
0.99962067
0.99943850
0.99925646
0.99907425
0.99889188
0.99870933
0.99852674
0.99834382
0.99816101
0.99797771
0.99779434
0.99761093
0.99742716
0.99724316
0.99705926
0.99687497
0.99669060
0.99650586
0.99632118
0.99613597
0.99595080
0.99576522
0.99557939
0.99539345
0.99520724
0.99502093
0.99483402
0.99464731
0.99445999
0.99427271
0.99408511
0.99389692
0.99370890
0.99352024
0.99333144
0.99314233
0.99295303
0.99276342
0.99257333
0.99238321
0.99219243
0.99200164
0.99181049
0.99161883
0.99142713
0.99123507
0.99104233
0.99084953
0.99065652
0.99046281
0.99026903
0.99007487
0.98987999
0.98968520
0.98948984
0.98929424
0.98909789
0.98890148
0.98870479
0.98850751
0.98830965
0.98811167
0.98791326
0.98771442
0.98751529
0.98731537
0.98711533
0.98691483
0.98671387
0.98651244
0.98631069
0.98610831
0.98590544
0.98570226
0.98549859
0.98529458
0.98508991
0.98488490
0.98467939
0.98447336
0.98426698
0.98405992
0.98385249
0.98364454
0.98343607
0.98322721
0.98301746
0.98280752
0.98259702
0.98238615
0.98217454
0.98196254
0.98174995
0.98153681
0.98132309
0.98110879
0.98089389
0.98067859
0.98046270
0.98024618
0.98002909
0.97981137
0.97959321
0.97937465
0.97915526
0.97893525
0.97871460
0.97849351
0.97827180
0.97804924
0.97782658
0.97760291
0.97737878
0.97715380
0.97692834
0.97670240
0.97647578
0.97624831
0.97602034
0.97579187
0.97556254
0.97533249
0.97510176
0.97487071
0.97463875
0.97440610
0.97417292
0.97393882
0.97370419
0.97346904
0.97323296
0.97299596
0.97275879
0.97252050
0.97228164
0.97204224
0.97180189
0.97156116
0.97131928
0.97107664
0.97083363
0.97058961
0.97034524
0.97009968
0.96985373
0.96960659
0.96935884
0.96911071
0.96886137
0.96861142
0.96836065
0.96810928
0.96785687
0.96760385
0.96735000
0.96709553
0.96684023
0.96658365
0.96632685
0.96606879
0.96581031
0.96555054
0.96529054
0.96502945
0.96476730
0.96450469
0.96424123
0.96397641
0.96371138
0.96344504
0.96317800
0.96291029
0.96264145
0.96237193
0.96210150
0.96183039
0.96155789
0.96128494
0.96101106
0.96073601
0.96046027
0.96018380
0.95990641
0.95962783
0.95934852
0.95906828
0.95878730
0.95850535
0.95822198
0.95793809
0.95765326
0.95736767
0.95708110
0.95679354
0.95650452
0.95621498
0.95592466
0.95563314
0.95534082
0.95504751
0.95475319
0.95445810
0.95416174
0.95386458
0.95356590
0.95326671
0.95296671
0.95266543
0.95236335
0.95205998
0.95175579
0.95145081
0.95114453
0.95083716
0.95052899
0.95021974
0.94990945
0.94959805
0.94928583
0.94897226
0.94865838
0.94834289
0.94802631
0.94770862
0.94739009
0.94707016
0.94674941
0.94642754
0.94610480
0.94578069
0.94545598
0.94512988
0.94480262
0.94447422
0.94414470
0.94381428
0.94348300
0.94315028
0.94281640
0.94248139
0.94214572
0.94180863
0.94147010
0.94113062
0.94079058
0.94044877
0.94010606
0.93976185
0.93941732
0.93907102
0.93872348
0.93837536
0.93802571
0.93767456
0.93732307
0.93696976
0.93661524
0.93626008
0.93590337
0.93554543
0.93518659
0.93482616
0.93446510
0.93410248
0.93373828
0.93337375
0.93300734
0.93264031
0.93227136
0.93190178
0.93153057
0.93115876
0.93078501
0.93041059
0.93003426
0.92965725
0.92927864
0.92889936
0.92851811
0.92813621
0.92775269
0.92736816
0.92698197
0.92659479
0.92620628
0.92581677
0.92542593
0.92503341
0.92463989
0.92424536
0.92384879
0.92345153
0.92305259
0.92265264
0.92225164
0.92184860
0.92144486
0.92103978
0.92063293
0.92022544
0.91981617
0.91940587
0.91899386
0.91858077
0.91816628
0.91775075
0.91733308
0.91691473
0.91649497
0.91607379
0.91565081
0.91522715
0.91480203
0.91437551
0.91394755
0.91351778
0.91308690
0.91265499
0.91222160
0.91178679
0.91135048
0.91091275
0.91047391
0.91003286
0.90959108
0.90914782
0.90870308
0.90825725
0.90780954
0.90736074
0.90691045
0.90645866
0.90600538
0.90555099
0.90509509
0.90463729
0.90417873
0.90371830
0.90325635
0.90279324
0.90232824
0.90186212
0.90139442
0.90092560
0.90045486
0.89998296
0.89950913
0.89903413
0.89855799
0.89808030
0.89760105
0.89711981
0.89663747
0.89615352
0.89566838
0.89518127
0.89469345
0.89420361
0.89371218
0.89321912
0.89272451
0.89222830
0.89173132
0.89123234
0.89073176
0.89022952
0.88972655
0.88922112
0.88871447
0.88820624
0.88769679
0.88718571
0.88667255
0.88615865
0.88564266
0.88512457
0.88460533
0.88408526
0.88356313
0.88303889
0.88251390
0.88198679
0.88145890
0.88092845
0.88039633
0.87986389
0.87932841
0.87879261
0.87825423
0.87771411
0.87717325
0.87663027
0.87608602
0.87553958
0.87499240
0.87444260
0.87389200
0.87333920
0.87278518
0.87222894
0.87167196
0.87111226
0.87055182
0.86998915
0.86942519
0.86885954
0.86829214
0.86772345
0.86715256
0.86658037
0.86600596
0.86543076
0.86485333
0.86427409
0.86369359
0.86311086
0.86252681
0.86194150
0.86135342
0.86076455
0.86017388
0.85958090
0.85898718
0.85839113
0.85779376
0.85719410
0.85659317
0.85599043
0.85538533
0.85477944
0.85417178
0.85356225
0.85295095
0.85233726
0.85172279
0.85110598
0.85048783
0.84986784
0.84924550
0.84862181
0.84799683
0.84737000
0.84674130
0.84611075
0.84547782
0.84484354
0.84420789
0.84356991
0.84293052
0.84228987
0.84164677
0.84100178
0.84035542
0.83970723
0.83905709
0.83840511
0.83775122
0.83709596
0.83643826
0.83577919
0.83511819
0.83445534
0.83379111
0.83312436
0.83245628
0.83178627
0.83111433
0.83044052
0.82976525
0.82908755
0.82840840
0.82772736
0.82704437
0.82635943
0.82567253
0.82498485
0.82429465
0.82360248
0.82290829
0.82221218
0.82151473
0.82081586
0.82011439
0.81941100
0.81870556
0.81799813
0.81728999
0.81657927
0.81586586
0.81515108
0.81443429
0.81371680
0.81299665
0.81227383
0.81155031
0.81082411
0.81009654
0.80936630
0.80863528
0.80790098
0.80716530
0.80642885
0.80568910
0.80494724
0.80420474
0.80345945
0.80271279
0.80196347
0.80121202
0.80045987
0.79970505
0.79894878
0.79818976
0.79742866
0.79666618
0.79590163
0.79513568
0.79436627
0.79359686
0.79282397
0.79204968
0.79127324
0.79049547
0.78971419
0.78893285
0.78814807
0.78736189
0.78657353
0.78578376
0.78499052
0.78419725
0.78340120
0.78260224
0.78180259
0.78100009
0.78019626
0.77939021
0.77858130
0.77777171
0.77695851
0.77614463
0.77532860
0.77450968
0.77369001
0.77286827
0.77204361
0.77121679
0.77038848
0.76955807
0.76872550
0.76789067
0.76705450
0.76621607
0.76537477
0.76453197
0.76368775
0.76284057
0.76199128
0.76114048
0.76028748
0.75943228
0.75857565
0.75771603
0.75685420
0.75599094
0.75512547
0.75425777
0.75338865
0.75251730
0.75164285
0.75076625
0.74988821
0.74900865
0.74812614
0.74724219
0.74635592
0.74546740
0.74457672
0.74368370
0.74278924
0.74189178
0.74099281
0.74009157
0.73918815
0.73828320
0.73737516
0.73646567
0.73555391
0.73463987
0.73372354
0.73280493
0.73188479
0.73096161
0.73003697
0.72911004
0.72818242
0.72725089
0.72631697
0.72538169
0.72444401
0.72350410
0.72256180
0.72161726
0.72067205
0.71972366
0.71877303
0.71781998
0.71686461
0.71590777
0.71494861
0.71398711
0.71302238
0.71205619
0.71108944
0.71011856
0.70914622
0.70817063
0.70719439
0.70621498
0.70523412
0.70425080
0.70326521
0.70227634
0.70128682
0.70029412
0.69929985
0.69830322
0.69730429
0.69630196
0.69529910
0.69429301
0.69328620
0.69227532
0.69126195
0.69024805
0.68923081
0.68821305
0.68719100
0.68616654
0.68514146
0.68411226
0.68308235
0.68204916
0.68101537
0.67997734
0.67893879
0.67789590
0.67685239
0.67580559
0.67475819
0.67370641
0.67265422
0.67159950
0.67054038
0.66948174
0.66841879
0.66735426
0.66628827
0.66521784
0.66414692
0.66307255
0.66199770
0.66091938
0.65983859
0.65875533
0.65767150
0.65658227
0.65549358
0.65440130
0.65330663
0.65220947
0.65111073
0.65001052
0.64890587
0.64779975
0.64669204
0.64558184
0.64446717
0.64335195
0.64223525
0.64111501
0.63999131
0.63886728
0.63774052
0.63661124
0.63548048
0.63434614
0.63320822
0.63206987
0.63092889
0.62978547
0.62863951
0.62749197
0.62634092
0.62518839
0.62403321
0.62287451
0.62171422
0.62055148
0.61938715
0.61822037
0.61705092
0.61587891
0.61470432
0.61352727
0.61234863
0.61116632
0.60998253
0.60879616
0.60760720
0.60641677
0.60522264
0.60402703
0.60282883
0.60162792
0.60042452
0.59921965
0.59801207
0.59680199
0.59558818
0.59437278
0.59315487
0.59193538
0.59071224
0.58948866
0.58826131
0.58703146
0.58579886
0.58456363
0.58332589
0.58208771
0.58084574
0.57960114
0.57835389
0.57710400
0.57585381
0.57459863
0.57334197
0.57208266
0.57082175
0.56955713
0.56829104
0.56702217
0.56575075
0.56447667
0.56320100
0.56192158
0.56063937
0.55935688
0.55807064
0.55678160
0.55549109
0.55419681
0.55289971
0.55160237
0.55030001
0.54899729
0.54769065
0.54638131
0.54507172
0.54375698
0.54244188
0.54112296
0.53980257
0.53847824
0.53715243
0.53582378
0.53449380
0.53315859
0.53182304
0.53048364
0.52914390
0.52779904
0.52645386
0.52510353
0.52375288
0.52239835
0.52104350
0.51968464
0.51832303
0.51695868
0.51559170
0.51422314
0.51285299
0.51147775
0.51010093
0.50872251
0.50734017
0.50595636
0.50456979
0.50318046
0.50178822
0.50039466
0.49899569
0.49759777
0.49619588
